0.05 9.77907e-33
0.1 1.55157e-32
0.15 2.03194e-32
0.2 2.45993e-32
0.25 2.85249e-32
0.3 3.21874e-32
0.35 3.56431e-32
0.4 3.89295e-32
0.45 4.20736e-32
0.5 4.50952e-32
0.55 4.80097e-32
0.6 5.08293e-32
0.65 5.35639e-32
0.7 5.62214e-32
0.75 5.88086e-32
0.8 6.13313e-32
0.85 6.37944e-32
0.9 6.6202e-32
0.95 6.85579e-32
1 7.08653e-32
1.05 7.3127e-32
1.1 7.53457e-32
1.15 7.75237e-32
1.2 7.96629e-32
1.25 8.17653e-32
1.3 8.38325e-32
1.35 8.58661e-32
1.4 8.78675e-32
1.45 8.98381e-32
1.5 9.17789e-32
1.55 9.36912e-32
1.6 9.55759e-32
1.65 9.7434e-32
1.7 9.92664e-32
1.75 1.01074e-31
1.8 1.02857e-31
1.85 1.04617e-31
1.9 1.06355e-31
1.95 1.0807e-31
2 1.09764e-31
2.05 1.11437e-31
2.1 1.13089e-31
2.15 1.14722e-31
2.2 1.16336e-31
2.25 1.1793e-31
2.3 1.19506e-31
2.35 1.21065e-31
2.4 1.22605e-31
2.45 1.24128e-31
2.5 1.25635e-31
2.55 1.27125e-31
2.6 1.28598e-31
2.65 1.30056e-31
2.7 1.31498e-31
2.75 1.32925e-31
2.8 1.34337e-31
2.85 1.35734e-31
2.9 1.37117e-31
2.95 1.38486e-31
3 1.3984e-31
3.05 1.41181e-31
3.1 1.42508e-31
3.15 1.43822e-31
3.2 1.45123e-31
3.25 1.46411e-31
3.3 1.47686e-31
3.35 1.48949e-31
3.4 1.50199e-31
3.45 1.51438e-31
3.5 1.52664e-31
3.55 1.53879e-31
3.6 1.55082e-31
3.65 1.56273e-31
3.7 1.57453e-31
3.75 1.58622e-31
3.8 1.5978e-31
3.85 1.60927e-31
3.9 1.62063e-31
3.95 1.63189e-31
4 1.64304e-31
4.05 1.65409e-31
4.1 1.66503e-31
4.15 1.67588e-31
4.2 1.68662e-31
4.25 1.69727e-31
4.3 1.70781e-31
4.35 1.71826e-31
4.4 1.72862e-31
4.45 1.73888e-31
4.5 1.74905e-31
4.55 1.75913e-31
4.6 1.76911e-31
4.65 1.779e-31
4.7 1.78881e-31
4.75 1.79852e-31
4.8 1.80815e-31
4.85 1.81769e-31
4.9 1.82715e-31
4.95 1.83652e-31
5 1.8458e-31
5.05 1.85501e-31
5.1 1.86413e-31
5.15 1.87316e-31
5.2 1.88212e-31
5.25 1.891e-31
5.3 1.8998e-31
5.35 1.90851e-31
5.4 1.91715e-31
5.45 1.92572e-31
5.5 1.9342e-31
5.55 1.94261e-31
5.6 1.95095e-31
5.65 1.95921e-31
5.7 1.9674e-31
5.75 1.97551e-31
5.8 1.98355e-31
5.85 1.99152e-31
5.9 1.99942e-31
5.95 2.00724e-31
6 2.015e-31
6.05 2.02268e-31
6.1 2.0303e-31
6.15 2.03785e-31
6.2 2.04533e-31
6.25 2.05274e-31
6.3 2.06009e-31
6.35 2.06737e-31
6.4 2.07458e-31
6.45 2.08173e-31
6.5 2.08881e-31
6.55 2.09583e-31
6.6 2.10279e-31
6.65 2.10968e-31
6.7 2.11651e-31
6.75 2.12328e-31
6.8 2.12998e-31
6.85 2.13663e-31
6.9 2.14321e-31
6.95 2.14973e-31
7 2.1562e-31
7.05 2.1626e-31
7.1 2.16894e-31
7.15 2.17523e-31
7.2 2.18146e-31
7.25 2.18763e-31
7.3 2.19374e-31
7.35 2.19979e-31
7.4 2.20579e-31
7.45 2.21173e-31
7.5 2.21762e-31
7.55 2.22345e-31
7.6 2.22923e-31
7.65 2.23495e-31
7.7 2.24061e-31
7.75 2.24623e-31
7.8 2.25179e-31
7.85 2.25729e-31
7.9 2.26275e-31
7.95 2.26815e-31
8 2.2735e-31
8.05 2.27879e-31
8.1 2.28404e-31
8.15 2.28924e-31
8.2 2.29438e-31
8.25 2.29948e-31
8.3 2.30452e-31
8.35 2.30951e-31
8.4 2.31446e-31
8.45 2.31936e-31
8.5 2.32421e-31
8.55 2.32901e-31
8.6 2.33376e-31
8.65 2.33846e-31
8.7 2.34312e-31
8.75 2.34773e-31
8.8 2.35229e-31
8.85 2.35681e-31
8.9 2.36128e-31
8.95 2.3657e-31
9 2.37008e-31
9.05 2.37442e-31
9.1 2.3787e-31
9.15 2.38295e-31
9.2 2.38715e-31
9.25 2.3913e-31
9.3 2.39542e-31
9.35 2.39948e-31
9.4 2.40351e-31
9.45 2.40749e-31
9.5 2.41143e-31
9.55 2.41533e-31
9.6 2.41918e-31
9.65 2.423e-31
9.7 2.42677e-31
9.75 2.4305e-31
9.8 2.43418e-31
9.85 2.43783e-31
9.9 2.44144e-31
9.95 2.44501e-31
10 2.44853e-31
10.05 2.45202e-31
10.1 2.45547e-31
10.15 2.45887e-31
10.2 2.46224e-31
10.25 2.46557e-31
10.3 2.46886e-31
10.35 2.47212e-31
10.4 2.47533e-31
10.45 2.47851e-31
10.5 2.48164e-31
10.55 2.48475e-31
10.6 2.48781e-31
10.65 2.49084e-31
10.7 2.49383e-31
10.75 2.49678e-31
10.8 2.4997e-31
10.85 2.50258e-31
10.9 2.50542e-31
10.95 2.50823e-31
11 2.511e-31
11.05 2.51374e-31
11.1 2.51644e-31
11.15 2.51911e-31
11.2 2.52175e-31
11.25 2.52435e-31
11.3 2.52691e-31
11.35 2.52944e-31
11.4 2.53194e-31
11.45 2.5344e-31
11.5 2.53683e-31
11.55 2.53923e-31
11.6 2.54159e-31
11.65 2.54392e-31
11.7 2.54622e-31
11.75 2.54848e-31
11.8 2.55072e-31
11.85 2.55292e-31
11.9 2.55509e-31
11.95 2.55722e-31
12 2.55933e-31
12.05 2.5614e-31
12.1 2.56345e-31
12.15 2.56546e-31
12.2 2.56744e-31
12.25 2.56939e-31
12.3 2.57131e-31
12.35 2.5732e-31
12.4 2.57506e-31
12.45 2.57689e-31
12.5 2.57869e-31
12.55 2.58046e-31
12.6 2.5822e-31
12.65 2.58391e-31
12.7 2.5856e-31
12.75 2.58725e-31
12.8 2.58888e-31
12.85 2.59047e-31
12.9 2.59204e-31
12.95 2.59358e-31
13 2.5951e-31
13.05 2.59658e-31
13.1 2.59804e-31
13.15 2.59947e-31
13.2 2.60087e-31
13.25 2.60224e-31
13.3 2.60359e-31
13.35 2.60491e-31
13.4 2.6062e-31
13.45 2.60747e-31
13.5 2.60871e-31
13.55 2.60992e-31
13.6 2.61111e-31
13.65 2.61227e-31
13.7 2.61341e-31
13.75 2.61452e-31
13.8 2.61561e-31
13.85 2.61666e-31
13.9 2.6177e-31
13.95 2.61871e-31
14 2.61969e-31
14.05 2.62065e-31
14.1 2.62159e-31
14.15 2.6225e-31
14.2 2.62338e-31
14.25 2.62424e-31
14.3 2.62508e-31
14.35 2.62589e-31
14.4 2.62668e-31
14.45 2.62745e-31
14.5 2.62819e-31
14.55 2.62891e-31
14.6 2.62961e-31
14.65 2.63028e-31
14.7 2.63093e-31
14.75 2.63155e-31
14.8 2.63216e-31
14.85 2.63274e-31
14.9 2.6333e-31
14.95 2.63383e-31
15 2.63435e-31
15.05 2.63484e-31
15.1 2.63531e-31
15.15 2.63576e-31
15.2 2.63618e-31
15.25 2.63659e-31
15.3 2.63697e-31
15.35 2.63733e-31
15.4 2.63768e-31
15.45 2.63799e-31
15.5 2.63829e-31
15.55 2.63857e-31
15.6 2.63883e-31
15.65 2.63907e-31
15.7 2.63928e-31
15.75 2.63948e-31
15.8 2.63965e-31
15.85 2.63981e-31
15.9 2.63994e-31
15.95 2.64006e-31
16 2.64015e-31
16.05 2.64023e-31
16.1 2.64029e-31
16.15 2.64032e-31
16.2 2.64034e-31
16.25 2.64034e-31
16.3 2.64032e-31
16.35 2.64028e-31
16.4 2.64022e-31
16.45 2.64014e-31
16.5 2.64005e-31
16.55 2.63993e-31
16.6 2.6398e-31
16.65 2.63965e-31
16.7 2.63948e-31
16.75 2.63929e-31
16.8 2.63909e-31
16.85 2.63887e-31
16.9 2.63862e-31
16.95 2.63837e-31
17 2.63809e-31
17.05 2.6378e-31
17.1 2.63748e-31
17.15 2.63716e-31
17.2 2.63681e-31
17.25 2.63645e-31
17.3 2.63607e-31
17.35 2.63567e-31
17.4 2.63526e-31
17.45 2.63483e-31
17.5 2.63438e-31
17.55 2.63392e-31
17.6 2.63344e-31
17.65 2.63294e-31
17.7 2.63243e-31
17.75 2.63191e-31
17.8 2.63136e-31
17.85 2.6308e-31
17.9 2.63023e-31
17.95 2.62964e-31
18 2.62903e-31
18.05 2.62841e-31
18.1 2.62777e-31
18.15 2.62712e-31
18.2 2.62645e-31
18.25 2.62577e-31
18.3 2.62507e-31
18.35 2.62435e-31
18.4 2.62363e-31
18.45 2.62288e-31
18.5 2.62213e-31
18.55 2.62135e-31
18.6 2.62057e-31
18.65 2.61977e-31
18.7 2.61895e-31
18.75 2.61812e-31
18.8 2.61728e-31
18.85 2.61642e-31
18.9 2.61555e-31
18.95 2.61467e-31
19 2.61377e-31
19.05 2.61285e-31
19.1 2.61193e-31
19.15 2.61099e-31
19.2 2.61003e-31
19.25 2.60907e-31
19.3 2.60809e-31
19.35 2.60709e-31
19.4 2.60609e-31
19.45 2.60507e-31
19.5 2.60403e-31
19.55 2.60299e-31
19.6 2.60193e-31
19.65 2.60086e-31
19.7 2.59978e-31
19.75 2.59868e-31
19.8 2.59757e-31
19.85 2.59645e-31
19.9 2.59532e-31
19.95 2.59417e-31
20 2.59301e-31
20.05 2.59184e-31
20.1 2.59066e-31
20.15 2.58947e-31
20.2 2.58826e-31
20.25 2.58705e-31
20.3 2.58582e-31
20.35 2.58458e-31
20.4 2.58332e-31
20.45 2.58206e-31
20.5 2.58079e-31
20.55 2.5795e-31
20.6 2.5782e-31
20.65 2.57689e-31
20.7 2.57557e-31
20.75 2.57424e-31
20.8 2.5729e-31
20.85 2.57155e-31
20.9 2.57018e-31
20.95 2.56881e-31
21 2.56742e-31
21.05 2.56603e-31
21.1 2.56462e-31
21.15 2.5632e-31
21.2 2.56177e-31
21.25 2.56034e-31
21.3 2.55889e-31
21.35 2.55743e-31
21.4 2.55596e-31
21.45 2.55448e-31
21.5 2.55299e-31
21.55 2.5515e-31
21.6 2.54999e-31
21.65 2.54847e-31
21.7 2.54694e-31
21.75 2.5454e-31
21.8 2.54386e-31
21.85 2.5423e-31
21.9 2.54073e-31
21.95 2.53916e-31
22 2.53757e-31
22.05 2.53598e-31
22.1 2.53437e-31
22.15 2.53276e-31
22.2 2.53114e-31
22.25 2.52951e-31
22.3 2.52787e-31
22.35 2.52622e-31
22.4 2.52456e-31
22.45 2.52289e-31
22.5 2.52122e-31
22.55 2.51954e-31
22.6 2.51784e-31
22.65 2.51614e-31
22.7 2.51443e-31
22.75 2.51271e-31
22.8 2.51099e-31
22.85 2.50925e-31
22.9 2.50751e-31
22.95 2.50576e-31
23 2.504e-31
23.05 2.50223e-31
23.1 2.50046e-31
23.15 2.49867e-31
23.2 2.49688e-31
23.25 2.49508e-31
23.3 2.49327e-31
23.35 2.49146e-31
23.4 2.48964e-31
23.45 2.48781e-31
23.5 2.48597e-31
23.55 2.48412e-31
23.6 2.48227e-31
23.65 2.48041e-31
23.7 2.47854e-31
23.75 2.47667e-31
23.8 2.47479e-31
23.85 2.4729e-31
23.9 2.471e-31
23.95 2.4691e-31
24 2.46719e-31
24.05 2.46527e-31
24.1 2.46334e-31
24.15 2.46141e-31
24.2 2.45947e-31
24.25 2.45753e-31
24.3 2.45558e-31
24.35 2.45362e-31
24.4 2.45165e-31
24.45 2.44968e-31
24.5 2.4477e-31
24.55 2.44572e-31
24.6 2.44373e-31
24.65 2.44173e-31
24.7 2.43972e-31
24.75 2.43771e-31
24.8 2.4357e-31
24.85 2.43368e-31
24.9 2.43165e-31
24.95 2.42961e-31
25 2.42757e-31
25.05 2.42552e-31
25.1 2.42347e-31
25.15 2.42141e-31
25.2 2.41935e-31
25.25 2.41728e-31
25.3 2.4152e-31
25.35 2.41312e-31
25.4 2.41103e-31
25.45 2.40894e-31
25.5 2.40684e-31
25.55 2.40473e-31
25.6 2.40262e-31
25.65 2.40051e-31
25.7 2.39839e-31
25.75 2.39626e-31
25.8 2.39413e-31
25.85 2.39199e-31
25.9 2.38985e-31
25.95 2.3877e-31
26 2.38555e-31
26.05 2.3834e-31
26.1 2.38123e-31
26.15 2.37907e-31
26.2 2.37689e-31
26.25 2.37472e-31
26.3 2.37253e-31
26.35 2.37035e-31
26.4 2.36815e-31
26.45 2.36596e-31
26.5 2.36376e-31
26.55 2.36155e-31
26.6 2.35934e-31
26.65 2.35713e-31
26.7 2.35491e-31
26.75 2.35268e-31
26.8 2.35045e-31
26.85 2.34822e-31
26.9 2.34598e-31
26.95 2.34374e-31
27 2.34149e-31
27.05 2.33924e-31
27.1 2.33699e-31
27.15 2.33473e-31
27.2 2.33247e-31
27.25 2.3302e-31
27.3 2.32793e-31
27.35 2.32565e-31
27.4 2.32337e-31
27.45 2.32109e-31
27.5 2.3188e-31
27.55 2.31651e-31
27.6 2.31422e-31
27.65 2.31192e-31
27.7 2.30962e-31
27.75 2.30731e-31
27.8 2.305e-31
27.85 2.30269e-31
27.9 2.30037e-31
27.95 2.29805e-31
28 2.29572e-31
28.05 2.29339e-31
28.1 2.29106e-31
28.15 2.28873e-31
28.2 2.28639e-31
28.25 2.28405e-31
28.3 2.2817e-31
28.35 2.27935e-31
28.4 2.277e-31
28.45 2.27465e-31
28.5 2.27229e-31
28.55 2.26993e-31
28.6 2.26756e-31
28.65 2.2652e-31
28.7 2.26283e-31
28.75 2.26045e-31
28.8 2.25807e-31
28.85 2.2557e-31
28.9 2.25331e-31
28.95 2.25093e-31
29 2.24854e-31
29.05 2.24615e-31
29.1 2.24375e-31
29.15 2.24136e-31
29.2 2.23896e-31
29.25 2.23655e-31
29.3 2.23415e-31
29.35 2.23174e-31
29.4 2.22933e-31
29.45 2.22692e-31
29.5 2.2245e-31
29.55 2.22208e-31
29.6 2.21966e-31
29.65 2.21724e-31
29.7 2.21481e-31
29.75 2.21239e-31
29.8 2.20996e-31
29.85 2.20752e-31
29.9 2.20509e-31
29.95 2.20265e-31
30 2.20021e-31
30.05 2.19777e-31
30.1 2.19532e-31
30.15 2.19288e-31
30.2 2.19043e-31
30.25 2.18798e-31
30.3 2.18553e-31
30.35 2.18307e-31
30.4 2.18062e-31
30.45 2.17816e-31
30.5 2.1757e-31
30.55 2.17323e-31
30.6 2.17077e-31
30.65 2.1683e-31
30.7 2.16583e-31
30.75 2.16336e-31
30.8 2.16089e-31
30.85 2.15842e-31
30.9 2.15594e-31
30.95 2.15347e-31
31 2.15099e-31
31.05 2.14851e-31
31.1 2.14602e-31
31.15 2.14354e-31
31.2 2.14105e-31
31.25 2.13857e-31
31.3 2.13608e-31
31.35 2.13359e-31
31.4 2.1311e-31
31.45 2.1286e-31
31.5 2.12611e-31
31.55 2.12361e-31
31.6 2.12111e-31
31.65 2.11861e-31
31.7 2.11611e-31
31.75 2.11361e-31
31.8 2.11111e-31
31.85 2.10861e-31
31.9 2.1061e-31
31.95 2.10359e-31
32 2.10109e-31
32.05 2.09858e-31
32.1 2.09607e-31
32.15 2.09355e-31
32.2 2.09104e-31
32.25 2.08853e-31
32.3 2.08601e-31
32.35 2.0835e-31
32.4 2.08098e-31
32.45 2.07846e-31
32.5 2.07595e-31
32.55 2.07343e-31
32.6 2.07091e-31
32.65 2.06838e-31
32.7 2.06586e-31
32.75 2.06334e-31
32.8 2.06081e-31
32.85 2.05829e-31
32.9 2.05576e-31
32.95 2.05324e-31
33 2.05071e-31
33.05 2.04818e-31
33.1 2.04565e-31
33.15 2.04312e-31
33.2 2.04059e-31
33.25 2.03806e-31
33.3 2.03553e-31
33.35 2.033e-31
33.4 2.03047e-31
33.45 2.02794e-31
33.5 2.0254e-31
33.55 2.02287e-31
33.6 2.02033e-31
33.65 2.0178e-31
33.7 2.01526e-31
33.75 2.01273e-31
33.8 2.01019e-31
33.85 2.00765e-31
33.9 2.00512e-31
33.95 2.00258e-31
34 2.00004e-31
34.05 1.9975e-31
34.1 1.99496e-31
34.15 1.99243e-31
34.2 1.98989e-31
34.25 1.98735e-31
34.3 1.98481e-31
34.35 1.98227e-31
34.4 1.97973e-31
34.45 1.97719e-31
34.5 1.97465e-31
34.55 1.97211e-31
34.6 1.96957e-31
34.65 1.96703e-31
34.7 1.96449e-31
34.75 1.96195e-31
34.8 1.9594e-31
34.85 1.95686e-31
34.9 1.95432e-31
34.95 1.95178e-31
35 1.94924e-31
35.05 1.9467e-31
35.1 1.94416e-31
35.15 1.94162e-31
35.2 1.93908e-31
35.25 1.93654e-31
35.3 1.934e-31
35.35 1.93146e-31
35.4 1.92892e-31
35.45 1.92638e-31
35.5 1.92384e-31
35.55 1.9213e-31
35.6 1.91876e-31
35.65 1.91622e-31
35.7 1.91368e-31
35.75 1.91114e-31
35.8 1.90861e-31
35.85 1.90607e-31
35.9 1.90353e-31
35.95 1.90099e-31
36 1.89846e-31
36.05 1.89592e-31
36.1 1.89339e-31
36.15 1.89085e-31
36.2 1.88831e-31
36.25 1.88578e-31
36.3 1.88325e-31
36.35 1.88071e-31
36.4 1.87818e-31
36.45 1.87565e-31
36.5 1.87311e-31
36.55 1.87058e-31
36.6 1.86805e-31
36.65 1.86552e-31
36.7 1.86299e-31
36.75 1.86046e-31
36.8 1.85793e-31
36.85 1.8554e-31
36.9 1.85288e-31
36.95 1.85035e-31
37 1.84782e-31
37.05 1.8453e-31
37.1 1.84277e-31
37.15 1.84025e-31
37.2 1.83772e-31
37.25 1.8352e-31
37.3 1.83268e-31
37.35 1.83016e-31
37.4 1.82764e-31
37.45 1.82512e-31
37.5 1.8226e-31
37.55 1.82008e-31
37.6 1.81756e-31
37.65 1.81504e-31
37.7 1.81253e-31
37.75 1.81001e-31
37.8 1.8075e-31
37.85 1.80499e-31
37.9 1.80247e-31
37.95 1.79996e-31
38 1.79745e-31
38.05 1.79494e-31
38.1 1.79243e-31
38.15 1.78992e-31
38.2 1.78742e-31
38.25 1.78491e-31
38.3 1.78241e-31
38.35 1.7799e-31
38.4 1.7774e-31
38.45 1.7749e-31
38.5 1.7724e-31
38.55 1.7699e-31
38.6 1.7674e-31
38.65 1.7649e-31
38.7 1.76241e-31
38.75 1.75991e-31
38.8 1.75742e-31
38.85 1.75492e-31
38.9 1.75243e-31
38.95 1.74994e-31
39 1.74745e-31
39.05 1.74496e-31
39.1 1.74247e-31
39.15 1.73999e-31
39.2 1.7375e-31
39.25 1.73502e-31
39.3 1.73254e-31
39.35 1.73006e-31
39.4 1.72758e-31
39.45 1.7251e-31
39.5 1.72262e-31
39.55 1.72014e-31
39.6 1.71767e-31
39.65 1.71519e-31
39.7 1.71272e-31
39.75 1.71025e-31
39.8 1.70778e-31
39.85 1.70531e-31
39.9 1.70284e-31
39.95 1.70038e-31
40 1.69791e-31
40.05 1.69545e-31
40.1 1.69299e-31
40.15 1.69053e-31
40.2 1.68807e-31
40.25 1.68561e-31
40.3 1.68316e-31
40.35 1.6807e-31
40.4 1.67825e-31
40.45 1.6758e-31
40.5 1.67334e-31
40.55 1.6709e-31
40.6 1.66845e-31
40.65 1.666e-31
40.7 1.66356e-31
40.75 1.66111e-31
40.8 1.65867e-31
40.85 1.65623e-31
40.9 1.65379e-31
40.95 1.65136e-31
41 1.64892e-31
41.05 1.64649e-31
41.1 1.64406e-31
41.15 1.64163e-31
41.2 1.6392e-31
41.25 1.63677e-31
41.3 1.63434e-31
41.35 1.63192e-31
41.4 1.6295e-31
41.45 1.62707e-31
41.5 1.62465e-31
41.55 1.62224e-31
41.6 1.61982e-31
41.65 1.61741e-31
41.7 1.61499e-31
41.75 1.61258e-31
41.8 1.61017e-31
41.85 1.60776e-31
41.9 1.60536e-31
41.95 1.60295e-31
42 1.60055e-31
42.05 1.59815e-31
42.1 1.59575e-31
42.15 1.59335e-31
42.2 1.59096e-31
42.25 1.58856e-31
42.3 1.58617e-31
42.35 1.58378e-31
42.4 1.58139e-31
42.45 1.579e-31
42.5 1.57662e-31
42.55 1.57423e-31
42.6 1.57185e-31
42.65 1.56947e-31
42.7 1.56709e-31
42.75 1.56472e-31
42.8 1.56234e-31
42.85 1.55997e-31
42.9 1.5576e-31
42.95 1.55523e-31
43 1.55286e-31
43.05 1.5505e-31
43.1 1.54813e-31
43.15 1.54577e-31
43.2 1.54341e-31
43.25 1.54105e-31
43.3 1.5387e-31
43.35 1.53634e-31
43.4 1.53399e-31
43.45 1.53164e-31
43.5 1.52929e-31
43.55 1.52694e-31
43.6 1.5246e-31
43.65 1.52226e-31
43.7 1.51991e-31
43.75 1.51758e-31
43.8 1.51524e-31
43.85 1.5129e-31
43.9 1.51057e-31
43.95 1.50824e-31
44 1.50591e-31
44.05 1.50358e-31
44.1 1.50126e-31
44.15 1.49893e-31
44.2 1.49661e-31
44.25 1.49429e-31
44.3 1.49197e-31
44.35 1.48966e-31
44.4 1.48735e-31
44.45 1.48503e-31
44.5 1.48273e-31
44.55 1.48042e-31
44.6 1.47811e-31
44.65 1.47581e-31
44.7 1.47351e-31
44.75 1.47121e-31
44.8 1.46891e-31
44.85 1.46662e-31
44.9 1.46432e-31
44.95 1.46203e-31
45 1.45974e-31
45.05 1.45746e-31
45.1 1.45517e-31
45.15 1.45289e-31
45.2 1.45061e-31
45.25 1.44833e-31
45.3 1.44605e-31
45.35 1.44378e-31
45.4 1.44151e-31
45.45 1.43924e-31
45.5 1.43697e-31
45.55 1.4347e-31
45.6 1.43244e-31
45.65 1.43018e-31
45.7 1.42792e-31
45.75 1.42566e-31
45.8 1.4234e-31
45.85 1.42115e-31
45.9 1.4189e-31
45.95 1.41665e-31
46 1.41441e-31
46.05 1.41216e-31
46.1 1.40992e-31
46.15 1.40768e-31
46.2 1.40544e-31
46.25 1.4032e-31
46.3 1.40097e-31
46.35 1.39874e-31
46.4 1.39651e-31
46.45 1.39428e-31
46.5 1.39206e-31
46.55 1.38983e-31
46.6 1.38761e-31
46.65 1.3854e-31
46.7 1.38318e-31
46.75 1.38097e-31
46.8 1.37875e-31
46.85 1.37654e-31
46.9 1.37434e-31
46.95 1.37213e-31
47 1.36993e-31
47.05 1.36773e-31
47.1 1.36553e-31
47.15 1.36333e-31
47.2 1.36114e-31
47.25 1.35895e-31
47.3 1.35676e-31
47.35 1.35457e-31
47.4 1.35239e-31
47.45 1.3502e-31
47.5 1.34802e-31
47.55 1.34584e-31
47.6 1.34367e-31
47.65 1.34149e-31
47.7 1.33932e-31
47.75 1.33715e-31
47.8 1.33499e-31
47.85 1.33282e-31
47.9 1.33066e-31
47.95 1.3285e-31
48 1.32634e-31
48.05 1.32419e-31
48.1 1.32203e-31
48.15 1.31988e-31
48.2 1.31773e-31
48.25 1.31559e-31
48.3 1.31344e-31
48.35 1.3113e-31
48.4 1.30916e-31
48.45 1.30703e-31
48.5 1.30489e-31
48.55 1.30276e-31
48.6 1.30063e-31
48.65 1.2985e-31
48.7 1.29638e-31
48.75 1.29425e-31
48.8 1.29213e-31
48.85 1.29001e-31
48.9 1.2879e-31
48.95 1.28578e-31
49 1.28367e-31
49.05 1.28156e-31
49.1 1.27946e-31
49.15 1.27735e-31
49.2 1.27525e-31
49.25 1.27315e-31
49.3 1.27105e-31
49.35 1.26896e-31
49.4 1.26686e-31
49.45 1.26477e-31
49.5 1.26269e-31
49.55 1.2606e-31
49.6 1.25852e-31
49.65 1.25644e-31
49.7 1.25436e-31
49.75 1.25228e-31
49.8 1.25021e-31
49.85 1.24814e-31
49.9 1.24607e-31
49.95 1.244e-31
50 1.24193e-31
50.05 1.23987e-31
50.1 1.23781e-31
50.15 1.23576e-31
50.2 1.2337e-31
50.25 1.23165e-31
50.3 1.2296e-31
50.35 1.22755e-31
50.4 1.2255e-31
50.45 1.22346e-31
50.5 1.22142e-31
50.55 1.21938e-31
50.6 1.21735e-31
50.65 1.21531e-31
50.7 1.21328e-31
50.75 1.21125e-31
50.8 1.20923e-31
50.85 1.2072e-31
50.9 1.20518e-31
50.95 1.20316e-31
51 1.20115e-31
51.05 1.19913e-31
51.1 1.19712e-31
51.15 1.19511e-31
51.2 1.1931e-31
51.25 1.1911e-31
51.3 1.1891e-31
51.35 1.1871e-31
51.4 1.1851e-31
51.45 1.1831e-31
51.5 1.18111e-31
51.55 1.17912e-31
51.6 1.17713e-31
51.65 1.17515e-31
51.7 1.17316e-31
51.75 1.17118e-31
51.8 1.16921e-31
51.85 1.16723e-31
51.9 1.16526e-31
51.95 1.16328e-31
52 1.16132e-31
52.05 1.15935e-31
52.1 1.15739e-31
52.15 1.15543e-31
52.2 1.15347e-31
52.25 1.15151e-31
52.3 1.14956e-31
52.35 1.1476e-31
52.4 1.14565e-31
52.45 1.14371e-31
52.5 1.14176e-31
52.55 1.13982e-31
52.6 1.13788e-31
52.65 1.13595e-31
52.7 1.13401e-31
52.75 1.13208e-31
52.8 1.13015e-31
52.85 1.12822e-31
52.9 1.1263e-31
52.95 1.12437e-31
53 1.12245e-31
53.05 1.12054e-31
53.1 1.11862e-31
53.15 1.11671e-31
53.2 1.1148e-31
53.25 1.11289e-31
53.3 1.11098e-31
53.35 1.10908e-31
53.4 1.10718e-31
53.45 1.10528e-31
53.5 1.10339e-31
53.55 1.10149e-31
53.6 1.0996e-31
53.65 1.09771e-31
53.7 1.09583e-31
53.75 1.09394e-31
53.8 1.09206e-31
53.85 1.09018e-31
53.9 1.08831e-31
53.95 1.08643e-31
54 1.08456e-31
54.05 1.08269e-31
54.1 1.08082e-31
54.15 1.07896e-31
54.2 1.0771e-31
54.25 1.07524e-31
54.3 1.07338e-31
54.35 1.07153e-31
54.4 1.06968e-31
54.45 1.06783e-31
54.5 1.06598e-31
54.55 1.06413e-31
54.6 1.06229e-31
54.65 1.06045e-31
54.7 1.05861e-31
54.75 1.05678e-31
54.8 1.05495e-31
54.85 1.05312e-31
54.9 1.05129e-31
54.95 1.04946e-31
55 1.04764e-31
55.05 1.04582e-31
55.1 1.044e-31
55.15 1.04219e-31
55.2 1.04037e-31
55.25 1.03856e-31
55.3 1.03675e-31
55.35 1.03495e-31
55.4 1.03314e-31
55.45 1.03134e-31
55.5 1.02954e-31
55.55 1.02775e-31
55.6 1.02595e-31
55.65 1.02416e-31
55.7 1.02237e-31
55.75 1.02059e-31
55.8 1.0188e-31
55.85 1.01702e-31
55.9 1.01524e-31
55.95 1.01346e-31
56 1.01169e-31
56.05 1.00992e-31
56.1 1.00815e-31
56.15 1.00638e-31
56.2 1.00461e-31
56.25 1.00285e-31
56.3 1.00109e-31
56.35 9.99334e-32
56.4 9.97579e-32
56.45 9.95826e-32
56.5 9.94076e-32
56.55 9.92328e-32
56.6 9.90582e-32
56.65 9.88839e-32
56.7 9.87098e-32
56.75 9.8536e-32
56.8 9.83624e-32
56.85 9.8189e-32
56.9 9.80159e-32
56.95 9.7843e-32
57 9.76704e-32
57.05 9.7498e-32
57.1 9.73258e-32
57.15 9.71539e-32
57.2 9.69822e-32
57.25 9.68108e-32
57.3 9.66396e-32
57.35 9.64686e-32
57.4 9.62979e-32
57.45 9.61274e-32
57.5 9.59572e-32
57.55 9.57872e-32
57.6 9.56174e-32
57.65 9.54479e-32
57.7 9.52786e-32
57.75 9.51095e-32
57.8 9.49407e-32
57.85 9.47722e-32
57.9 9.46038e-32
57.95 9.44357e-32
58 9.42679e-32
58.05 9.41003e-32
58.1 9.39329e-32
58.15 9.37657e-32
58.2 9.35988e-32
58.25 9.34322e-32
58.3 9.32657e-32
58.35 9.30996e-32
58.4 9.29336e-32
58.45 9.27679e-32
58.5 9.26024e-32
58.55 9.24372e-32
58.6 9.22722e-32
58.65 9.21074e-32
58.7 9.19429e-32
58.75 9.17786e-32
58.8 9.16145e-32
58.85 9.14507e-32
58.9 9.12871e-32
58.95 9.11237e-32
59 9.09606e-32
59.05 9.07977e-32
59.1 9.06351e-32
59.15 9.04727e-32
59.2 9.03105e-32
59.25 9.01486e-32
59.3 8.99869e-32
59.35 8.98254e-32
59.4 8.96642e-32
59.45 8.95032e-32
59.5 8.93424e-32
59.55 8.91819e-32
59.6 8.90216e-32
59.65 8.88615e-32
59.7 8.87017e-32
59.75 8.85421e-32
59.8 8.83827e-32
59.85 8.82236e-32
59.9 8.80647e-32
59.95 8.79061e-32
60 8.77476e-32
60.05 8.75894e-32
60.1 8.74315e-32
60.15 8.72737e-32
60.2 8.71163e-32
60.25 8.6959e-32
60.3 8.6802e-32
60.35 8.66452e-32
60.4 8.64886e-32
60.45 8.63323e-32
60.5 8.61761e-32
60.55 8.60203e-32
60.6 8.58646e-32
60.65 8.57092e-32
60.7 8.5554e-32
60.75 8.53991e-32
60.8 8.52444e-32
60.85 8.50899e-32
60.9 8.49356e-32
60.95 8.47816e-32
61 8.46278e-32
61.05 8.44742e-32
61.1 8.43209e-32
61.15 8.41678e-32
61.2 8.40149e-32
61.25 8.38623e-32
61.3 8.37099e-32
61.35 8.35577e-32
61.4 8.34057e-32
61.45 8.3254e-32
61.5 8.31025e-32
61.55 8.29512e-32
61.6 8.28001e-32
61.65 8.26493e-32
61.7 8.24987e-32
61.75 8.23484e-32
61.8 8.21982e-32
61.85 8.20483e-32
61.9 8.18986e-32
61.95 8.17492e-32
62 8.15999e-32
62.05 8.14509e-32
62.1 8.13021e-32
62.15 8.11536e-32
62.2 8.10053e-32
62.25 8.08572e-32
62.3 8.07093e-32
62.35 8.05616e-32
62.4 8.04142e-32
62.45 8.0267e-32
62.5 8.012e-32
62.55 7.99733e-32
62.6 7.98268e-32
62.65 7.96805e-32
62.7 7.95344e-32
62.75 7.93885e-32
62.8 7.92429e-32
62.85 7.90975e-32
62.9 7.89523e-32
62.95 7.88074e-32
63 7.86626e-32
63.05 7.85181e-32
63.1 7.83738e-32
63.15 7.82298e-32
63.2 7.80859e-32
63.25 7.79423e-32
63.3 7.77989e-32
63.35 7.76557e-32
63.4 7.75128e-32
63.45 7.737e-32
63.5 7.72275e-32
63.55 7.70852e-32
63.6 7.69432e-32
63.65 7.68013e-32
63.7 7.66597e-32
63.75 7.65183e-32
63.8 7.63771e-32
63.85 7.62361e-32
63.9 7.60953e-32
63.95 7.59548e-32
64 7.58145e-32
64.05 7.56744e-32
64.1 7.55345e-32
64.15 7.53949e-32
64.2 7.52554e-32
64.25 7.51162e-32
64.3 7.49772e-32
64.35 7.48384e-32
64.4 7.46999e-32
64.45 7.45615e-32
64.5 7.44234e-32
64.55 7.42855e-32
64.6 7.41478e-32
64.65 7.40103e-32
64.7 7.3873e-32
64.75 7.3736e-32
64.8 7.35991e-32
64.85 7.34625e-32
64.9 7.33261e-32
64.95 7.31899e-32
65 7.3054e-32
65.05 7.29182e-32
65.1 7.27827e-32
65.15 7.26473e-32
65.2 7.25122e-32
65.25 7.23773e-32
65.3 7.22427e-32
65.35 7.21082e-32
65.4 7.19739e-32
65.45 7.18399e-32
65.5 7.17061e-32
65.55 7.15724e-32
65.6 7.1439e-32
65.65 7.13059e-32
65.7 7.11729e-32
65.75 7.10401e-32
65.8 7.09076e-32
65.85 7.07752e-32
65.9 7.06431e-32
65.95 7.05112e-32
66 7.03795e-32
66.05 7.0248e-32
66.1 7.01167e-32
66.15 6.99856e-32
66.2 6.98547e-32
66.25 6.97241e-32
66.3 6.95936e-32
66.35 6.94634e-32
66.4 6.93334e-32
66.45 6.92035e-32
66.5 6.90739e-32
66.55 6.89445e-32
66.6 6.88153e-32
66.65 6.86864e-32
66.7 6.85576e-32
66.75 6.8429e-32
66.8 6.83007e-32
66.85 6.81725e-32
66.9 6.80446e-32
66.95 6.79168e-32
67 6.77893e-32
67.05 6.7662e-32
67.1 6.75348e-32
67.15 6.74079e-32
67.2 6.72812e-32
67.25 6.71547e-32
67.3 6.70284e-32
67.35 6.69023e-32
67.4 6.67765e-32
67.45 6.66508e-32
67.5 6.65253e-32
67.55 6.64e-32
67.6 6.6275e-32
67.65 6.61501e-32
67.7 6.60254e-32
67.75 6.5901e-32
67.8 6.57767e-32
67.85 6.56527e-32
67.9 6.55288e-32
67.95 6.54052e-32
68 6.52818e-32
68.05 6.51585e-32
68.1 6.50355e-32
68.15 6.49126e-32
68.2 6.479e-32
68.25 6.46676e-32
68.3 6.45453e-32
68.35 6.44233e-32
68.4 6.43015e-32
68.45 6.41799e-32
68.5 6.40584e-32
68.55 6.39372e-32
68.6 6.38162e-32
68.65 6.36953e-32
68.7 6.35747e-32
68.75 6.34543e-32
68.8 6.3334e-32
68.85 6.3214e-32
68.9 6.30942e-32
68.95 6.29745e-32
69 6.28551e-32
69.05 6.27359e-32
69.1 6.26168e-32
69.15 6.2498e-32
69.2 6.23793e-32
69.25 6.22609e-32
69.3 6.21426e-32
69.35 6.20245e-32
69.4 6.19067e-32
69.45 6.1789e-32
69.5 6.16715e-32
69.55 6.15543e-32
69.6 6.14372e-32
69.65 6.13203e-32
69.7 6.12036e-32
69.75 6.10871e-32
69.8 6.09708e-32
69.85 6.08547e-32
69.9 6.07388e-32
69.95 6.0623e-32
70 6.05075e-32
70.05 6.03922e-32
70.1 6.0277e-32
70.15 6.01621e-32
70.2 6.00473e-32
70.25 5.99328e-32
70.3 5.98184e-32
70.35 5.97042e-32
70.4 5.95902e-32
70.45 5.94764e-32
70.5 5.93628e-32
70.55 5.92494e-32
70.6 5.91362e-32
70.65 5.90231e-32
70.7 5.89103e-32
70.75 5.87976e-32
70.8 5.86852e-32
70.85 5.85729e-32
70.9 5.84608e-32
70.95 5.83489e-32
71 5.82372e-32
71.05 5.81257e-32
71.1 5.80144e-32
71.15 5.79032e-32
71.2 5.77923e-32
71.25 5.76815e-32
71.3 5.75709e-32
71.35 5.74605e-32
71.4 5.73503e-32
71.45 5.72403e-32
71.5 5.71305e-32
71.55 5.70208e-32
71.6 5.69113e-32
71.65 5.68021e-32
71.7 5.6693e-32
71.75 5.65841e-32
71.8 5.64754e-32
71.85 5.63668e-32
71.9 5.62585e-32
71.95 5.61503e-32
72 5.60423e-32
72.05 5.59345e-32
72.1 5.58269e-32
72.15 5.57195e-32
72.2 5.56122e-32
72.25 5.55052e-32
72.3 5.53983e-32
72.35 5.52916e-32
72.4 5.51851e-32
72.45 5.50788e-32
72.5 5.49726e-32
72.55 5.48666e-32
72.6 5.47608e-32
72.65 5.46552e-32
72.7 5.45498e-32
72.75 5.44446e-32
72.8 5.43395e-32
72.85 5.42346e-32
72.9 5.41299e-32
72.95 5.40254e-32
73 5.3921e-32
73.05 5.38169e-32
73.1 5.37129e-32
73.15 5.36091e-32
73.2 5.35055e-32
73.25 5.3402e-32
73.3 5.32987e-32
73.35 5.31956e-32
73.4 5.30927e-32
73.45 5.299e-32
73.5 5.28874e-32
73.55 5.2785e-32
73.6 5.26828e-32
73.65 5.25808e-32
73.7 5.24789e-32
73.75 5.23773e-32
73.8 5.22757e-32
73.85 5.21744e-32
73.9 5.20733e-32
73.95 5.19723e-32
74 5.18715e-32
74.05 5.17709e-32
74.1 5.16704e-32
74.15 5.15701e-32
74.2 5.147e-32
74.25 5.13701e-32
74.3 5.12703e-32
74.35 5.11707e-32
74.4 5.10713e-32
74.45 5.09721e-32
74.5 5.0873e-32
74.55 5.07741e-32
74.6 5.06754e-32
74.65 5.05769e-32
74.7 5.04785e-32
74.75 5.03803e-32
74.8 5.02823e-32
74.85 5.01844e-32
74.9 5.00867e-32
74.95 4.99892e-32
75 4.98918e-32
75.05 4.97946e-32
75.1 4.96976e-32
75.15 4.96008e-32
75.2 4.95041e-32
75.25 4.94076e-32
75.3 4.93113e-32
75.35 4.92151e-32
75.4 4.91191e-32
75.45 4.90233e-32
75.5 4.89276e-32
75.55 4.88321e-32
75.6 4.87368e-32
75.65 4.86416e-32
75.7 4.85466e-32
75.75 4.84518e-32
75.8 4.83572e-32
75.85 4.82627e-32
75.9 4.81683e-32
75.95 4.80742e-32
76 4.79802e-32
76.05 4.78864e-32
76.1 4.77927e-32
76.15 4.76992e-32
76.2 4.76059e-32
76.25 4.75127e-32
76.3 4.74197e-32
76.35 4.73268e-32
76.4 4.72342e-32
76.45 4.71417e-32
76.5 4.70493e-32
76.55 4.69571e-32
76.6 4.68651e-32
76.65 4.67732e-32
76.7 4.66815e-32
76.75 4.659e-32
76.8 4.64986e-32
76.85 4.64074e-32
76.9 4.63164e-32
76.95 4.62255e-32
77 4.61348e-32
77.05 4.60442e-32
77.1 4.59538e-32
77.15 4.58635e-32
77.2 4.57735e-32
77.25 4.56835e-32
77.3 4.55938e-32
77.35 4.55042e-32
77.4 4.54147e-32
77.45 4.53254e-32
77.5 4.52363e-32
77.55 4.51473e-32
77.6 4.50585e-32
77.65 4.49699e-32
77.7 4.48814e-32
77.75 4.4793e-32
77.8 4.47048e-32
77.85 4.46168e-32
77.9 4.4529e-32
77.95 4.44412e-32
78 4.43537e-32
78.05 4.42663e-32
78.1 4.41791e-32
78.15 4.4092e-32
78.2 4.4005e-32
78.25 4.39183e-32
78.3 4.38317e-32
78.35 4.37452e-32
78.4 4.36589e-32
78.45 4.35727e-32
78.5 4.34867e-32
78.55 4.34009e-32
78.6 4.33152e-32
78.65 4.32297e-32
78.7 4.31443e-32
78.75 4.30591e-32
78.8 4.2974e-32
78.85 4.28891e-32
78.9 4.28043e-32
78.95 4.27197e-32
79 4.26352e-32
79.05 4.25509e-32
79.1 4.24667e-32
79.15 4.23827e-32
79.2 4.22989e-32
79.25 4.22151e-32
79.3 4.21316e-32
79.35 4.20482e-32
79.4 4.19649e-32
79.45 4.18818e-32
79.5 4.17989e-32
79.55 4.1716e-32
79.6 4.16334e-32
79.65 4.15509e-32
79.7 4.14685e-32
79.75 4.13863e-32
79.8 4.13042e-32
79.85 4.12223e-32
79.9 4.11406e-32
79.95 4.10589e-32
80 4.09775e-32
80.05 4.08962e-32
80.1 4.0815e-32
80.15 4.0734e-32
80.2 4.06531e-32
80.25 4.05723e-32
80.3 4.04917e-32
80.35 4.04113e-32
80.4 4.0331e-32
80.45 4.02509e-32
80.5 4.01709e-32
80.55 4.0091e-32
80.6 4.00113e-32
80.65 3.99317e-32
80.7 3.98523e-32
80.75 3.9773e-32
80.8 3.96939e-32
80.85 3.96149e-32
80.9 3.9536e-32
80.95 3.94573e-32
81 3.93788e-32
81.05 3.93003e-32
81.1 3.92221e-32
81.15 3.91439e-32
81.2 3.90659e-32
81.25 3.89881e-32
81.3 3.89104e-32
81.35 3.88328e-32
81.4 3.87554e-32
81.45 3.86781e-32
81.5 3.8601e-32
81.55 3.8524e-32
81.6 3.84471e-32
81.65 3.83704e-32
81.7 3.82938e-32
81.75 3.82174e-32
81.8 3.81411e-32
81.85 3.80649e-32
81.9 3.79889e-32
81.95 3.7913e-32
82 3.78373e-32
82.05 3.77617e-32
82.1 3.76862e-32
82.15 3.76109e-32
82.2 3.75357e-32
82.25 3.74607e-32
82.3 3.73858e-32
82.35 3.7311e-32
82.4 3.72364e-32
82.45 3.71619e-32
82.5 3.70875e-32
82.55 3.70133e-32
82.6 3.69392e-32
82.65 3.68652e-32
82.7 3.67914e-32
82.75 3.67177e-32
82.8 3.66442e-32
82.85 3.65708e-32
82.9 3.64975e-32
82.95 3.64244e-32
83 3.63514e-32
83.05 3.62785e-32
83.1 3.62058e-32
83.15 3.61332e-32
83.2 3.60607e-32
83.25 3.59884e-32
83.3 3.59162e-32
83.35 3.58441e-32
83.4 3.57722e-32
83.45 3.57004e-32
83.5 3.56287e-32
83.55 3.55572e-32
83.6 3.54858e-32
83.65 3.54145e-32
83.7 3.53434e-32
83.75 3.52724e-32
83.8 3.52015e-32
83.85 3.51308e-32
83.9 3.50601e-32
83.95 3.49897e-32
84 3.49193e-32
84.05 3.48491e-32
84.1 3.4779e-32
84.15 3.4709e-32
84.2 3.46392e-32
84.25 3.45695e-32
84.3 3.44999e-32
84.35 3.44305e-32
84.4 3.43612e-32
84.45 3.4292e-32
84.5 3.4223e-32
84.55 3.4154e-32
84.6 3.40852e-32
84.65 3.40166e-32
84.7 3.3948e-32
84.75 3.38796e-32
84.8 3.38113e-32
84.85 3.37432e-32
84.9 3.36751e-32
84.95 3.36072e-32
85 3.35394e-32
85.05 3.34718e-32
85.1 3.34043e-32
85.15 3.33369e-32
85.2 3.32696e-32
85.25 3.32024e-32
85.3 3.31354e-32
85.35 3.30685e-32
85.4 3.30017e-32
85.45 3.29351e-32
85.5 3.28686e-32
85.55 3.28022e-32
85.6 3.27359e-32
85.65 3.26697e-32
85.7 3.26037e-32
85.75 3.25378e-32
85.8 3.2472e-32
85.85 3.24064e-32
85.9 3.23408e-32
85.95 3.22754e-32
86 3.22101e-32
86.05 3.2145e-32
86.1 3.20799e-32
86.15 3.2015e-32
86.2 3.19502e-32
86.25 3.18855e-32
86.3 3.18209e-32
86.35 3.17565e-32
86.4 3.16922e-32
86.45 3.1628e-32
86.5 3.15639e-32
86.55 3.15e-32
86.6 3.14361e-32
86.65 3.13724e-32
86.7 3.13088e-32
86.75 3.12453e-32
86.8 3.1182e-32
86.85 3.11188e-32
86.9 3.10556e-32
86.95 3.09926e-32
87 3.09298e-32
87.05 3.0867e-32
87.1 3.08044e-32
87.15 3.07418e-32
87.2 3.06794e-32
87.25 3.06171e-32
87.3 3.0555e-32
87.35 3.04929e-32
87.4 3.0431e-32
87.45 3.03692e-32
87.5 3.03075e-32
87.55 3.02459e-32
87.6 3.01844e-32
87.65 3.0123e-32
87.7 3.00618e-32
87.75 3.00007e-32
87.8 2.99397e-32
87.85 2.98788e-32
87.9 2.9818e-32
87.95 2.97573e-32
88 2.96968e-32
88.05 2.96364e-32
88.1 2.95761e-32
88.15 2.95158e-32
88.2 2.94558e-32
88.25 2.93958e-32
88.3 2.93359e-32
88.35 2.92762e-32
88.4 2.92165e-32
88.45 2.9157e-32
88.5 2.90976e-32
88.55 2.90383e-32
88.6 2.89791e-32
88.65 2.89201e-32
88.7 2.88611e-32
88.75 2.88023e-32
88.8 2.87435e-32
88.85 2.86849e-32
88.9 2.86264e-32
88.95 2.8568e-32
89 2.85097e-32
89.05 2.84515e-32
89.1 2.83935e-32
89.15 2.83355e-32
89.2 2.82777e-32
89.25 2.82199e-32
89.3 2.81623e-32
89.35 2.81048e-32
89.4 2.80474e-32
89.45 2.79901e-32
89.5 2.79329e-32
89.55 2.78758e-32
89.6 2.78188e-32
89.65 2.7762e-32
89.7 2.77052e-32
89.75 2.76486e-32
89.8 2.7592e-32
89.85 2.75356e-32
89.9 2.74793e-32
89.95 2.74231e-32
90 2.7367e-32
90.05 2.7311e-32
90.1 2.72551e-32
90.15 2.71993e-32
90.2 2.71436e-32
90.25 2.7088e-32
90.3 2.70326e-32
90.35 2.69772e-32
90.4 2.6922e-32
90.45 2.68668e-32
90.5 2.68118e-32
90.55 2.67568e-32
90.6 2.6702e-32
90.65 2.66473e-32
90.7 2.65927e-32
90.75 2.65382e-32
90.8 2.64837e-32
90.85 2.64294e-32
90.9 2.63752e-32
90.95 2.63211e-32
91 2.62671e-32
91.05 2.62133e-32
91.1 2.61595e-32
91.15 2.61058e-32
91.2 2.60522e-32
91.25 2.59987e-32
91.3 2.59453e-32
91.35 2.58921e-32
91.4 2.58389e-32
91.45 2.57858e-32
91.5 2.57329e-32
91.55 2.568e-32
91.6 2.56272e-32
91.65 2.55746e-32
91.7 2.5522e-32
91.75 2.54696e-32
91.8 2.54172e-32
91.85 2.5365e-32
91.9 2.53128e-32
91.95 2.52607e-32
92 2.52088e-32
92.05 2.51569e-32
92.1 2.51052e-32
92.15 2.50535e-32
92.2 2.5002e-32
92.25 2.49505e-32
92.3 2.48992e-32
92.35 2.48479e-32
92.4 2.47967e-32
92.45 2.47457e-32
92.5 2.46947e-32
92.55 2.46439e-32
92.6 2.45931e-32
92.65 2.45424e-32
92.7 2.44919e-32
92.75 2.44414e-32
92.8 2.4391e-32
92.85 2.43408e-32
92.9 2.42906e-32
92.95 2.42405e-32
93 2.41905e-32
93.05 2.41406e-32
93.1 2.40908e-32
93.15 2.40412e-32
93.2 2.39916e-32
93.25 2.39421e-32
93.3 2.38927e-32
93.35 2.38433e-32
93.4 2.37941e-32
93.45 2.3745e-32
93.5 2.3696e-32
93.55 2.36471e-32
93.6 2.35982e-32
93.65 2.35495e-32
93.7 2.35009e-32
93.75 2.34523e-32
93.8 2.34039e-32
93.85 2.33555e-32
93.9 2.33072e-32
93.95 2.32591e-32
94 2.3211e-32
94.05 2.3163e-32
94.1 2.31151e-32
94.15 2.30673e-32
94.2 2.30196e-32
94.25 2.2972e-32
94.3 2.29245e-32
94.35 2.2877e-32
94.4 2.28297e-32
94.45 2.27825e-32
94.5 2.27353e-32
94.55 2.26883e-32
94.6 2.26413e-32
94.65 2.25944e-32
94.7 2.25476e-32
94.75 2.25009e-32
94.8 2.24543e-32
94.85 2.24078e-32
94.9 2.23614e-32
94.95 2.23151e-32
95 2.22688e-32
95.05 2.22227e-32
95.1 2.21766e-32
95.15 2.21307e-32
95.2 2.20848e-32
95.25 2.2039e-32
95.3 2.19933e-32
95.35 2.19477e-32
95.4 2.19022e-32
95.45 2.18567e-32
95.5 2.18114e-32
95.55 2.17661e-32
95.6 2.1721e-32
95.65 2.16759e-32
95.7 2.16309e-32
95.75 2.1586e-32
95.8 2.15412e-32
95.85 2.14965e-32
95.9 2.14518e-32
95.95 2.14073e-32
96 2.13628e-32
96.05 2.13184e-32
96.1 2.12742e-32
96.15 2.12299e-32
96.2 2.11858e-32
96.25 2.11418e-32
96.3 2.10979e-32
96.35 2.1054e-32
96.4 2.10102e-32
96.45 2.09666e-32
96.5 2.0923e-32
96.55 2.08794e-32
96.6 2.0836e-32
96.65 2.07927e-32
96.7 2.07494e-32
96.75 2.07062e-32
96.8 2.06632e-32
96.85 2.06202e-32
96.9 2.05772e-32
96.95 2.05344e-32
97 2.04917e-32
97.05 2.0449e-32
97.1 2.04064e-32
97.15 2.03639e-32
97.2 2.03215e-32
97.25 2.02792e-32
97.3 2.02369e-32
97.35 2.01948e-32
97.4 2.01527e-32
97.45 2.01107e-32
97.5 2.00688e-32
97.55 2.00269e-32
97.6 1.99852e-32
97.65 1.99435e-32
97.7 1.99019e-32
97.75 1.98604e-32
97.8 1.9819e-32
97.85 1.97777e-32
97.9 1.97364e-32
97.95 1.96952e-32
98 1.96541e-32
98.05 1.96131e-32
98.1 1.95722e-32
98.15 1.95313e-32
98.2 1.94906e-32
98.25 1.94499e-32
98.3 1.94093e-32
98.35 1.93687e-32
98.4 1.93283e-32
98.45 1.92879e-32
98.5 1.92476e-32
98.55 1.92074e-32
98.6 1.91673e-32
98.65 1.91272e-32
98.7 1.90873e-32
98.75 1.90474e-32
98.8 1.90076e-32
98.85 1.89678e-32
98.9 1.89282e-32
98.95 1.88886e-32
99 1.88491e-32
99.05 1.88097e-32
99.1 1.87703e-32
99.15 1.87311e-32
99.2 1.86919e-32
99.25 1.86528e-32
99.3 1.86137e-32
99.35 1.85748e-32
99.4 1.85359e-32
99.45 1.84971e-32
99.5 1.84584e-32
99.55 1.84197e-32
99.6 1.83812e-32
99.65 1.83427e-32
99.7 1.83043e-32
99.75 1.82659e-32
99.8 1.82277e-32
99.85 1.81895e-32
99.9 1.81514e-32
99.95 1.81133e-32
100 1.80754e-32
100.05 1.80375e-32
100.1 1.79997e-32
100.15 1.79619e-32
100.2 1.79243e-32
100.25 1.78867e-32
100.3 1.78492e-32
100.35 1.78117e-32
100.4 1.77744e-32
100.45 1.77371e-32
100.5 1.76999e-32
100.55 1.76628e-32
100.6 1.76257e-32
100.65 1.75887e-32
100.7 1.75518e-32
100.75 1.75149e-32
100.8 1.74782e-32
100.85 1.74415e-32
100.9 1.74049e-32
100.95 1.73683e-32
101 1.73318e-32
101.05 1.72954e-32
101.1 1.72591e-32
101.15 1.72228e-32
101.2 1.71866e-32
101.25 1.71505e-32
101.3 1.71145e-32
101.35 1.70785e-32
101.4 1.70426e-32
101.45 1.70068e-32
101.5 1.6971e-32
101.55 1.69354e-32
101.6 1.68998e-32
101.65 1.68642e-32
101.7 1.68287e-32
101.75 1.67933e-32
101.8 1.6758e-32
101.85 1.67228e-32
101.9 1.66876e-32
101.95 1.66525e-32
102 1.66174e-32
102.05 1.65824e-32
102.1 1.65475e-32
102.15 1.65127e-32
102.2 1.64779e-32
102.25 1.64432e-32
102.3 1.64086e-32
102.35 1.6374e-32
102.4 1.63396e-32
102.45 1.63051e-32
102.5 1.62708e-32
102.55 1.62365e-32
102.6 1.62023e-32
102.65 1.61682e-32
102.7 1.61341e-32
102.75 1.61001e-32
102.8 1.60661e-32
102.85 1.60323e-32
102.9 1.59985e-32
102.95 1.59647e-32
103 1.59311e-32
103.05 1.58975e-32
103.1 1.58639e-32
103.15 1.58305e-32
103.2 1.57971e-32
103.25 1.57637e-32
103.3 1.57305e-32
103.35 1.56973e-32
103.4 1.56641e-32
103.45 1.56311e-32
103.5 1.55981e-32
103.55 1.55652e-32
103.6 1.55323e-32
103.65 1.54995e-32
103.7 1.54668e-32
103.75 1.54341e-32
103.8 1.54015e-32
103.85 1.5369e-32
103.9 1.53365e-32
103.95 1.53041e-32
104 1.52718e-32
104.05 1.52395e-32
104.1 1.52073e-32
104.15 1.51751e-32
104.2 1.51431e-32
104.25 1.5111e-32
104.3 1.50791e-32
104.35 1.50472e-32
104.4 1.50154e-32
104.45 1.49836e-32
104.5 1.49519e-32
104.55 1.49203e-32
104.6 1.48887e-32
104.65 1.48572e-32
104.7 1.48258e-32
104.75 1.47944e-32
104.8 1.47631e-32
104.85 1.47319e-32
104.9 1.47007e-32
104.95 1.46696e-32
105 1.46385e-32
105.05 1.46075e-32
105.1 1.45766e-32
105.15 1.45457e-32
105.2 1.45149e-32
105.25 1.44842e-32
105.3 1.44535e-32
105.35 1.44229e-32
105.4 1.43923e-32
105.45 1.43618e-32
105.5 1.43314e-32
105.55 1.4301e-32
105.6 1.42707e-32
105.65 1.42404e-32
105.7 1.42102e-32
105.75 1.41801e-32
105.8 1.415e-32
105.85 1.412e-32
105.9 1.40901e-32
105.95 1.40602e-32
106 1.40304e-32
106.05 1.40006e-32
106.1 1.39709e-32
106.15 1.39413e-32
106.2 1.39117e-32
106.25 1.38822e-32
106.3 1.38527e-32
106.35 1.38233e-32
106.4 1.37939e-32
106.45 1.37647e-32
106.5 1.37354e-32
106.55 1.37063e-32
106.6 1.36772e-32
106.65 1.36481e-32
106.7 1.36191e-32
106.75 1.35902e-32
106.8 1.35613e-32
106.85 1.35325e-32
106.9 1.35038e-32
106.95 1.34751e-32
107 1.34464e-32
107.05 1.34178e-32
107.1 1.33893e-32
107.15 1.33609e-32
107.2 1.33325e-32
107.25 1.33041e-32
107.3 1.32758e-32
107.35 1.32476e-32
107.4 1.32194e-32
107.45 1.31913e-32
107.5 1.31632e-32
107.55 1.31352e-32
107.6 1.31073e-32
107.65 1.30794e-32
107.7 1.30516e-32
107.75 1.30238e-32
107.8 1.29961e-32
107.85 1.29684e-32
107.9 1.29408e-32
107.95 1.29132e-32
108 1.28858e-32
108.05 1.28583e-32
108.1 1.28309e-32
108.15 1.28036e-32
108.2 1.27763e-32
108.25 1.27491e-32
108.3 1.2722e-32
108.35 1.26949e-32
108.4 1.26678e-32
108.45 1.26408e-32
108.5 1.26139e-32
108.55 1.2587e-32
108.6 1.25602e-32
108.65 1.25334e-32
108.7 1.25067e-32
108.75 1.248e-32
108.8 1.24534e-32
108.85 1.24268e-32
108.9 1.24003e-32
108.95 1.23739e-32
109 1.23475e-32
109.05 1.23212e-32
109.1 1.22949e-32
109.15 1.22686e-32
109.2 1.22425e-32
109.25 1.22163e-32
109.3 1.21903e-32
109.35 1.21643e-32
109.4 1.21383e-32
109.45 1.21124e-32
109.5 1.20865e-32
109.55 1.20607e-32
109.6 1.2035e-32
109.65 1.20093e-32
109.7 1.19836e-32
109.75 1.1958e-32
109.8 1.19325e-32
109.85 1.1907e-32
109.9 1.18816e-32
109.95 1.18562e-32
110 1.18308e-32
110.05 1.18056e-32
110.1 1.17803e-32
110.15 1.17551e-32
110.2 1.173e-32
110.25 1.17049e-32
110.3 1.16799e-32
110.35 1.16549e-32
110.4 1.163e-32
110.45 1.16052e-32
110.5 1.15803e-32
110.55 1.15556e-32
110.6 1.15308e-32
110.65 1.15062e-32
110.7 1.14816e-32
110.75 1.1457e-32
110.8 1.14325e-32
110.85 1.1408e-32
110.9 1.13836e-32
110.95 1.13592e-32
111 1.13349e-32
111.05 1.13107e-32
111.1 1.12865e-32
111.15 1.12623e-32
111.2 1.12382e-32
111.25 1.12141e-32
111.3 1.11901e-32
111.35 1.11661e-32
111.4 1.11422e-32
111.45 1.11183e-32
111.5 1.10945e-32
111.55 1.10708e-32
111.6 1.1047e-32
111.65 1.10234e-32
111.7 1.09997e-32
111.75 1.09762e-32
111.8 1.09526e-32
111.85 1.09292e-32
111.9 1.09057e-32
111.95 1.08823e-32
112 1.0859e-32
112.05 1.08357e-32
112.1 1.08125e-32
112.15 1.07893e-32
112.2 1.07662e-32
112.25 1.07431e-32
112.3 1.072e-32
112.35 1.0697e-32
112.4 1.06741e-32
112.45 1.06512e-32
112.5 1.06283e-32
112.55 1.06055e-32
112.6 1.05827e-32
112.65 1.056e-32
112.7 1.05374e-32
112.75 1.05147e-32
112.8 1.04922e-32
112.85 1.04696e-32
112.9 1.04472e-32
112.95 1.04247e-32
113 1.04023e-32
113.05 1.038e-32
113.1 1.03577e-32
113.15 1.03354e-32
113.2 1.03132e-32
113.25 1.02911e-32
113.3 1.0269e-32
113.35 1.02469e-32
113.4 1.02249e-32
113.45 1.02029e-32
113.5 1.0181e-32
113.55 1.01591e-32
113.6 1.01372e-32
113.65 1.01154e-32
113.7 1.00937e-32
113.75 1.0072e-32
113.8 1.00503e-32
113.85 1.00287e-32
113.9 1.00071e-32
113.95 9.98562e-33
114 9.96414e-33
114.05 9.9427e-33
114.1 9.92131e-33
114.15 9.89996e-33
114.2 9.87866e-33
114.25 9.8574e-33
114.3 9.83618e-33
114.35 9.81501e-33
114.4 9.79388e-33
114.45 9.7728e-33
114.5 9.75176e-33
114.55 9.73076e-33
114.6 9.70981e-33
114.65 9.6889e-33
114.7 9.66803e-33
114.75 9.64721e-33
114.8 9.62643e-33
114.85 9.60569e-33
114.9 9.585e-33
114.95 9.56435e-33
115 9.54374e-33
115.05 9.52318e-33
115.1 9.50265e-33
115.15 9.48217e-33
115.2 9.46174e-33
115.25 9.44134e-33
115.3 9.42099e-33
115.35 9.40068e-33
115.4 9.38041e-33
115.45 9.36018e-33
115.5 9.34e-33
115.55 9.31986e-33
115.6 9.29976e-33
115.65 9.2797e-33
115.7 9.25968e-33
115.75 9.23971e-33
115.8 9.21977e-33
115.85 9.19988e-33
115.9 9.18003e-33
115.95 9.16022e-33
116 9.14045e-33
116.05 9.12072e-33
116.1 9.10104e-33
116.15 9.08139e-33
116.2 9.06179e-33
116.25 9.04222e-33
116.3 9.0227e-33
116.35 9.00322e-33
116.4 8.98378e-33
116.45 8.96437e-33
116.5 8.94501e-33
116.55 8.92569e-33
116.6 8.90641e-33
116.65 8.88717e-33
116.7 8.86797e-33
116.75 8.84881e-33
116.8 8.82969e-33
116.85 8.81061e-33
116.9 8.79157e-33
116.95 8.77257e-33
117 8.75361e-33
117.05 8.73469e-33
117.1 8.7158e-33
117.15 8.69696e-33
117.2 8.67816e-33
117.25 8.65939e-33
117.3 8.64067e-33
117.35 8.62198e-33
117.4 8.60333e-33
117.45 8.58473e-33
117.5 8.56616e-33
117.55 8.54763e-33
117.6 8.52913e-33
117.65 8.51068e-33
117.7 8.49227e-33
117.75 8.47389e-33
117.8 8.45555e-33
117.85 8.43725e-33
117.9 8.41899e-33
117.95 8.40077e-33
118 8.38258e-33
118.05 8.36443e-33
118.1 8.34632e-33
118.15 8.32825e-33
118.2 8.31022e-33
118.25 8.29222e-33
118.3 8.27426e-33
118.35 8.25634e-33
118.4 8.23846e-33
118.45 8.22061e-33
118.5 8.2028e-33
118.55 8.18503e-33
118.6 8.1673e-33
118.65 8.1496e-33
118.7 8.13194e-33
118.75 8.11432e-33
118.8 8.09673e-33
118.85 8.07918e-33
118.9 8.06167e-33
118.95 8.04419e-33
119 8.02675e-33
119.05 8.00935e-33
119.1 7.99198e-33
119.15 7.97465e-33
119.2 7.95736e-33
119.25 7.9401e-33
119.3 7.92288e-33
119.35 7.90569e-33
119.4 7.88855e-33
119.45 7.87143e-33
119.5 7.85435e-33
119.55 7.83731e-33
119.6 7.82031e-33
119.65 7.80334e-33
119.7 7.7864e-33
119.75 7.7695e-33
119.8 7.75264e-33
119.85 7.73581e-33
119.9 7.71902e-33
119.95 7.70226e-33
120 7.68553e-33
120.05 7.66885e-33
120.1 7.65219e-33
120.15 7.63558e-33
120.2 7.61899e-33
120.25 7.60245e-33
120.3 7.58593e-33
120.35 7.56945e-33
120.4 7.55301e-33
120.45 7.5366e-33
120.5 7.52023e-33
120.55 7.50388e-33
120.6 7.48758e-33
120.65 7.47131e-33
120.7 7.45507e-33
120.75 7.43886e-33
120.8 7.42269e-33
120.85 7.40656e-33
120.9 7.39046e-33
120.95 7.37439e-33
121 7.35836e-33
121.05 7.34236e-33
121.1 7.32639e-33
121.15 7.31046e-33
121.2 7.29456e-33
121.25 7.27869e-33
121.3 7.26286e-33
121.35 7.24706e-33
121.4 7.23129e-33
121.45 7.21556e-33
121.5 7.19986e-33
121.55 7.18419e-33
121.6 7.16856e-33
121.65 7.15296e-33
121.7 7.13739e-33
121.75 7.12185e-33
121.8 7.10635e-33
121.85 7.09088e-33
121.9 7.07544e-33
121.95 7.06004e-33
122 7.04466e-33
122.05 7.02932e-33
122.1 7.01402e-33
122.15 6.99874e-33
122.2 6.9835e-33
122.25 6.96829e-33
122.3 6.95311e-33
122.35 6.93796e-33
122.4 6.92285e-33
122.45 6.90776e-33
122.5 6.89271e-33
122.55 6.87769e-33
122.6 6.8627e-33
122.65 6.84775e-33
122.7 6.83282e-33
122.75 6.81793e-33
122.8 6.80307e-33
122.85 6.78824e-33
122.9 6.77344e-33
122.95 6.75867e-33
123 6.74393e-33
123.05 6.72923e-33
123.1 6.71455e-33
123.15 6.69991e-33
123.2 6.6853e-33
123.25 6.67071e-33
123.3 6.65616e-33
123.35 6.64164e-33
123.4 6.62715e-33
123.45 6.61269e-33
123.5 6.59827e-33
123.55 6.58387e-33
123.6 6.5695e-33
123.65 6.55516e-33
123.7 6.54086e-33
123.75 6.52658e-33
123.8 6.51233e-33
123.85 6.49812e-33
123.9 6.48393e-33
123.95 6.46978e-33
124 6.45565e-33
124.05 6.44155e-33
124.1 6.42749e-33
124.15 6.41345e-33
124.2 6.39944e-33
124.25 6.38546e-33
124.3 6.37152e-33
124.35 6.3576e-33
124.4 6.34371e-33
124.45 6.32985e-33
124.5 6.31602e-33
124.55 6.30222e-33
124.6 6.28845e-33
124.65 6.27471e-33
124.7 6.26099e-33
124.75 6.24731e-33
124.8 6.23365e-33
124.85 6.22003e-33
124.9 6.20643e-33
124.95 6.19286e-33
125 6.17932e-33
125.05 6.16581e-33
125.1 6.15233e-33
125.15 6.13887e-33
125.2 6.12545e-33
125.25 6.11205e-33
125.3 6.09868e-33
125.35 6.08534e-33
125.4 6.07203e-33
125.45 6.05875e-33
125.5 6.04549e-33
125.55 6.03226e-33
125.6 6.01906e-33
125.65 6.00589e-33
125.7 5.99275e-33
125.75 5.97963e-33
125.8 5.96655e-33
125.85 5.95349e-33
125.9 5.94045e-33
125.95 5.92745e-33
126 5.91447e-33
126.05 5.90152e-33
126.1 5.8886e-33
126.15 5.87571e-33
126.2 5.86284e-33
126.25 5.85e-33
126.3 5.83719e-33
126.35 5.8244e-33
126.4 5.81165e-33
126.45 5.79892e-33
126.5 5.78621e-33
126.55 5.77354e-33
126.6 5.76089e-33
126.65 5.74826e-33
126.7 5.73567e-33
126.75 5.7231e-33
126.8 5.71056e-33
126.85 5.69804e-33
126.9 5.68555e-33
126.95 5.67309e-33
127 5.66065e-33
127.05 5.64824e-33
127.1 5.63586e-33
127.15 5.6235e-33
127.2 5.61117e-33
127.25 5.59887e-33
127.3 5.58659e-33
127.35 5.57434e-33
127.4 5.56211e-33
127.45 5.54991e-33
127.5 5.53774e-33
127.55 5.52559e-33
127.6 5.51347e-33
127.65 5.50137e-33
127.7 5.4893e-33
127.75 5.47725e-33
127.8 5.46524e-33
127.85 5.45324e-33
127.9 5.44127e-33
127.95 5.42933e-33
128 5.41741e-33
128.05 5.40552e-33
128.1 5.39366e-33
128.15 5.38182e-33
128.2 5.37e-33
128.25 5.35821e-33
128.3 5.34644e-33
128.35 5.3347e-33
128.4 5.32299e-33
128.45 5.3113e-33
128.5 5.29963e-33
128.55 5.28799e-33
128.6 5.27638e-33
128.65 5.26479e-33
128.7 5.25322e-33
128.75 5.24168e-33
128.8 5.23016e-33
128.85 5.21867e-33
128.9 5.2072e-33
128.95 5.19576e-33
129 5.18434e-33
129.05 5.17294e-33
129.1 5.16157e-33
129.15 5.15023e-33
129.2 5.13891e-33
129.25 5.12761e-33
129.3 5.11634e-33
129.35 5.10509e-33
129.4 5.09386e-33
129.45 5.08266e-33
129.5 5.07148e-33
129.55 5.06033e-33
129.6 5.0492e-33
129.65 5.0381e-33
129.7 5.02701e-33
129.75 5.01596e-33
129.8 5.00492e-33
129.85 4.99391e-33
129.9 4.98292e-33
129.95 4.97196e-33
130 4.96102e-33
130.05 4.9501e-33
130.1 4.93921e-33
130.15 4.92834e-33
130.2 4.91749e-33
130.25 4.90667e-33
130.3 4.89586e-33
130.35 4.88509e-33
130.4 4.87433e-33
130.45 4.8636e-33
130.5 4.85289e-33
130.55 4.84221e-33
130.6 4.83154e-33
130.65 4.8209e-33
130.7 4.81029e-33
130.75 4.79969e-33
130.8 4.78912e-33
130.85 4.77857e-33
130.9 4.76804e-33
130.95 4.75754e-33
131 4.74706e-33
131.05 4.7366e-33
131.1 4.72616e-33
131.15 4.71575e-33
131.2 4.70536e-33
131.25 4.69499e-33
131.3 4.68464e-33
131.35 4.67431e-33
131.4 4.66401e-33
131.45 4.65373e-33
131.5 4.64347e-33
131.55 4.63323e-33
131.6 4.62302e-33
131.65 4.61283e-33
131.7 4.60266e-33
131.75 4.59251e-33
131.8 4.58238e-33
131.85 4.57227e-33
131.9 4.56219e-33
131.95 4.55213e-33
132 4.54208e-33
132.05 4.53207e-33
132.1 4.52207e-33
132.15 4.51209e-33
132.2 4.50214e-33
132.25 4.4922e-33
132.3 4.48229e-33
132.35 4.4724e-33
132.4 4.46253e-33
132.45 4.45268e-33
132.5 4.44285e-33
132.55 4.43305e-33
132.6 4.42326e-33
132.65 4.4135e-33
132.7 4.40375e-33
132.75 4.39403e-33
132.8 4.38433e-33
132.85 4.37465e-33
132.9 4.36499e-33
132.95 4.35535e-33
133 4.34573e-33
133.05 4.33613e-33
133.1 4.32656e-33
133.15 4.317e-33
133.2 4.30746e-33
133.25 4.29795e-33
133.3 4.28845e-33
133.35 4.27898e-33
133.4 4.26953e-33
133.45 4.26009e-33
133.5 4.25068e-33
133.55 4.24129e-33
133.6 4.23191e-33
133.65 4.22256e-33
133.7 4.21323e-33
133.75 4.20391e-33
133.8 4.19462e-33
133.85 4.18535e-33
133.9 4.1761e-33
133.95 4.16686e-33
134 4.15765e-33
134.05 4.14846e-33
134.1 4.13928e-33
134.15 4.13013e-33
134.2 4.121e-33
134.25 4.11188e-33
134.3 4.10279e-33
134.35 4.09371e-33
134.4 4.08466e-33
134.45 4.07562e-33
134.5 4.06661e-33
134.55 4.05761e-33
134.6 4.04863e-33
134.65 4.03968e-33
134.7 4.03074e-33
134.75 4.02182e-33
134.8 4.01292e-33
134.85 4.00404e-33
134.9 3.99517e-33
134.95 3.98633e-33
135 3.97751e-33
135.05 3.9687e-33
135.1 3.95992e-33
135.15 3.95115e-33
135.2 3.9424e-33
135.25 3.93367e-33
135.3 3.92496e-33
135.35 3.91627e-33
135.4 3.9076e-33
135.45 3.89894e-33
135.5 3.89031e-33
135.55 3.88169e-33
135.6 3.87309e-33
135.65 3.86452e-33
135.7 3.85595e-33
135.75 3.84741e-33
135.8 3.83889e-33
135.85 3.83038e-33
135.9 3.8219e-33
135.95 3.81343e-33
136 3.80498e-33
136.05 3.79654e-33
136.1 3.78813e-33
136.15 3.77973e-33
136.2 3.77136e-33
136.25 3.763e-33
136.3 3.75465e-33
136.35 3.74633e-33
136.4 3.73803e-33
136.45 3.72974e-33
136.5 3.72147e-33
136.55 3.71322e-33
136.6 3.70498e-33
136.65 3.69677e-33
136.7 3.68857e-33
136.75 3.68039e-33
136.8 3.67222e-33
136.85 3.66408e-33
136.9 3.65595e-33
136.95 3.64784e-33
137 3.63975e-33
137.05 3.63167e-33
137.1 3.62361e-33
137.15 3.61557e-33
137.2 3.60755e-33
137.25 3.59955e-33
137.3 3.59156e-33
137.35 3.58359e-33
137.4 3.57563e-33
137.45 3.5677e-33
137.5 3.55978e-33
137.55 3.55188e-33
137.6 3.54399e-33
137.65 3.53612e-33
137.7 3.52827e-33
137.75 3.52044e-33
137.8 3.51262e-33
137.85 3.50482e-33
137.9 3.49704e-33
137.95 3.48927e-33
138 3.48152e-33
138.05 3.47379e-33
138.1 3.46607e-33
138.15 3.45838e-33
138.2 3.45069e-33
138.25 3.44303e-33
138.3 3.43538e-33
138.35 3.42775e-33
138.4 3.42013e-33
138.45 3.41253e-33
138.5 3.40495e-33
138.55 3.39738e-33
138.6 3.38983e-33
138.65 3.3823e-33
138.7 3.37478e-33
138.75 3.36728e-33
138.8 3.35979e-33
138.85 3.35232e-33
138.9 3.34487e-33
138.95 3.33744e-33
139 3.33002e-33
139.05 3.32261e-33
139.1 3.31522e-33
139.15 3.30785e-33
139.2 3.3005e-33
139.25 3.29316e-33
139.3 3.28583e-33
139.35 3.27852e-33
139.4 3.27123e-33
139.45 3.26396e-33
139.5 3.25669e-33
139.55 3.24945e-33
139.6 3.24222e-33
139.65 3.23501e-33
139.7 3.22781e-33
139.75 3.22063e-33
139.8 3.21346e-33
139.85 3.20631e-33
139.9 3.19917e-33
139.95 3.19205e-33
140 3.18495e-33
140.05 3.17786e-33
140.1 3.17079e-33
140.15 3.16373e-33
140.2 3.15669e-33
140.25 3.14966e-33
140.3 3.14265e-33
140.35 3.13565e-33
140.4 3.12867e-33
140.45 3.1217e-33
140.5 3.11475e-33
140.55 3.10781e-33
140.6 3.10089e-33
140.65 3.09399e-33
140.7 3.08709e-33
140.75 3.08022e-33
140.8 3.07336e-33
140.85 3.06651e-33
140.9 3.05968e-33
140.95 3.05286e-33
141 3.04606e-33
141.05 3.03927e-33
141.1 3.0325e-33
141.15 3.02574e-33
141.2 3.019e-33
141.25 3.01227e-33
141.3 3.00556e-33
141.35 2.99886e-33
141.4 2.99218e-33
141.45 2.98551e-33
141.5 2.97885e-33
141.55 2.97221e-33
141.6 2.96559e-33
141.65 2.95897e-33
141.7 2.95238e-33
141.75 2.94579e-33
141.8 2.93922e-33
141.85 2.93267e-33
141.9 2.92613e-33
141.95 2.9196e-33
142 2.91309e-33
142.05 2.9066e-33
142.1 2.90011e-33
142.15 2.89364e-33
142.2 2.88719e-33
142.25 2.88075e-33
142.3 2.87432e-33
142.35 2.86791e-33
142.4 2.86151e-33
142.45 2.85512e-33
142.5 2.84875e-33
142.55 2.8424e-33
142.6 2.83605e-33
142.65 2.82972e-33
142.7 2.82341e-33
142.75 2.81711e-33
142.8 2.81082e-33
142.85 2.80454e-33
142.9 2.79828e-33
142.95 2.79203e-33
143 2.7858e-33
143.05 2.77958e-33
143.1 2.77338e-33
143.15 2.76718e-33
143.2 2.761e-33
143.25 2.75484e-33
143.3 2.74869e-33
143.35 2.74255e-33
143.4 2.73642e-33
143.45 2.73031e-33
143.5 2.72421e-33
143.55 2.71813e-33
143.6 2.71205e-33
143.65 2.70599e-33
143.7 2.69995e-33
143.75 2.69392e-33
143.8 2.6879e-33
143.85 2.68189e-33
143.9 2.6759e-33
143.95 2.66992e-33
144 2.66395e-33
144.05 2.658e-33
144.1 2.65206e-33
144.15 2.64613e-33
144.2 2.64022e-33
144.25 2.63431e-33
144.3 2.62842e-33
144.35 2.62255e-33
144.4 2.61669e-33
144.45 2.61083e-33
144.5 2.605e-33
144.55 2.59917e-33
144.6 2.59336e-33
144.65 2.58756e-33
144.7 2.58177e-33
144.75 2.576e-33
144.8 2.57024e-33
144.85 2.56449e-33
144.9 2.55875e-33
144.95 2.55303e-33
145 2.54732e-33
145.05 2.54162e-33
145.1 2.53593e-33
145.15 2.53026e-33
145.2 2.5246e-33
145.25 2.51895e-33
145.3 2.51331e-33
145.35 2.50769e-33
145.4 2.50208e-33
145.45 2.49648e-33
145.5 2.49089e-33
145.55 2.48532e-33
145.6 2.47975e-33
145.65 2.4742e-33
145.7 2.46866e-33
145.75 2.46314e-33
145.8 2.45762e-33
145.85 2.45212e-33
145.9 2.44663e-33
145.95 2.44115e-33
146 2.43569e-33
146.05 2.43023e-33
146.1 2.42479e-33
146.15 2.41936e-33
146.2 2.41394e-33
146.25 2.40853e-33
146.3 2.40314e-33
146.35 2.39776e-33
146.4 2.39238e-33
146.45 2.38703e-33
146.5 2.38168e-33
146.55 2.37634e-33
146.6 2.37102e-33
146.65 2.36571e-33
146.7 2.3604e-33
146.75 2.35512e-33
146.8 2.34984e-33
146.85 2.34457e-33
146.9 2.33932e-33
146.95 2.33407e-33
147 2.32884e-33
147.05 2.32362e-33
147.1 2.31841e-33
147.15 2.31322e-33
147.2 2.30803e-33
147.25 2.30286e-33
147.3 2.29769e-33
147.35 2.29254e-33
147.4 2.2874e-33
147.45 2.28227e-33
147.5 2.27716e-33
147.55 2.27205e-33
147.6 2.26695e-33
147.65 2.26187e-33
147.7 2.2568e-33
147.75 2.25173e-33
147.8 2.24668e-33
147.85 2.24164e-33
147.9 2.23662e-33
147.95 2.2316e-33
148 2.22659e-33
148.05 2.2216e-33
148.1 2.21661e-33
148.15 2.21164e-33
148.2 2.20668e-33
148.25 2.20172e-33
148.3 2.19678e-33
148.35 2.19185e-33
148.4 2.18693e-33
148.45 2.18203e-33
148.5 2.17713e-33
148.55 2.17224e-33
148.6 2.16736e-33
148.65 2.1625e-33
148.7 2.15764e-33
148.75 2.1528e-33
148.8 2.14797e-33
148.85 2.14314e-33
148.9 2.13833e-33
148.95 2.13353e-33
149 2.12874e-33
149.05 2.12396e-33
149.1 2.11919e-33
149.15 2.11443e-33
149.2 2.10968e-33
149.25 2.10494e-33
149.3 2.10021e-33
149.35 2.0955e-33
149.4 2.09079e-33
149.45 2.08609e-33
149.5 2.08141e-33
149.55 2.07673e-33
149.6 2.07206e-33
149.65 2.06741e-33
149.7 2.06276e-33
149.75 2.05813e-33
149.8 2.0535e-33
149.85 2.04889e-33
149.9 2.04428e-33
149.95 2.03969e-33
150 2.0351e-33
150.05 2.03053e-33
150.1 2.02597e-33
150.15 2.02141e-33
150.2 2.01687e-33
150.25 2.01233e-33
150.3 2.00781e-33
150.35 2.00329e-33
150.4 1.99879e-33
150.45 1.9943e-33
150.5 1.98981e-33
150.55 1.98534e-33
150.6 1.98087e-33
150.65 1.97642e-33
150.7 1.97197e-33
150.75 1.96754e-33
150.8 1.96311e-33
150.85 1.9587e-33
150.9 1.95429e-33
150.95 1.94989e-33
151 1.94551e-33
151.05 1.94113e-33
151.1 1.93676e-33
151.15 1.9324e-33
151.2 1.92806e-33
151.25 1.92372e-33
151.3 1.91939e-33
151.35 1.91507e-33
151.4 1.91076e-33
151.45 1.90646e-33
151.5 1.90217e-33
151.55 1.89789e-33
151.6 1.89362e-33
151.65 1.88935e-33
151.7 1.8851e-33
151.75 1.88086e-33
151.8 1.87662e-33
151.85 1.8724e-33
151.9 1.86818e-33
151.95 1.86397e-33
152 1.85978e-33
152.05 1.85559e-33
152.1 1.85141e-33
152.15 1.84724e-33
152.2 1.84308e-33
152.25 1.83893e-33
152.3 1.83479e-33
152.35 1.83066e-33
152.4 1.82653e-33
152.45 1.82242e-33
152.5 1.81831e-33
152.55 1.81422e-33
152.6 1.81013e-33
152.65 1.80605e-33
152.7 1.80198e-33
152.75 1.79792e-33
152.8 1.79387e-33
152.85 1.78983e-33
152.9 1.7858e-33
152.95 1.78177e-33
153 1.77776e-33
153.05 1.77375e-33
153.1 1.76975e-33
153.15 1.76576e-33
153.2 1.76178e-33
153.25 1.75781e-33
153.3 1.75385e-33
153.35 1.74989e-33
153.4 1.74595e-33
153.45 1.74201e-33
153.5 1.73809e-33
153.55 1.73417e-33
153.6 1.73026e-33
153.65 1.72635e-33
153.7 1.72246e-33
153.75 1.71858e-33
153.8 1.7147e-33
153.85 1.71083e-33
153.9 1.70698e-33
153.95 1.70313e-33
154 1.69928e-33
154.05 1.69545e-33
154.1 1.69163e-33
154.15 1.68781e-33
154.2 1.684e-33
154.25 1.6802e-33
154.3 1.67641e-33
154.35 1.67263e-33
154.4 1.66886e-33
154.45 1.66509e-33
154.5 1.66133e-33
154.55 1.65758e-33
154.6 1.65384e-33
154.65 1.65011e-33
154.7 1.64639e-33
154.75 1.64267e-33
154.8 1.63896e-33
154.85 1.63526e-33
154.9 1.63157e-33
154.95 1.62789e-33
155 1.62421e-33
155.05 1.62055e-33
155.1 1.61689e-33
155.15 1.61324e-33
155.2 1.60959e-33
155.25 1.60596e-33
155.3 1.60233e-33
155.35 1.59871e-33
155.4 1.5951e-33
155.45 1.5915e-33
155.5 1.58791e-33
155.55 1.58432e-33
155.6 1.58074e-33
155.65 1.57717e-33
155.7 1.57361e-33
155.75 1.57005e-33
155.8 1.56651e-33
155.85 1.56297e-33
155.9 1.55944e-33
155.95 1.55591e-33
156 1.5524e-33
156.05 1.54889e-33
156.1 1.54539e-33
156.15 1.5419e-33
156.2 1.53841e-33
156.25 1.53494e-33
156.3 1.53147e-33
156.35 1.52801e-33
156.4 1.52455e-33
156.45 1.52111e-33
156.5 1.51767e-33
156.55 1.51424e-33
156.6 1.51081e-33
156.65 1.5074e-33
156.7 1.50399e-33
156.75 1.50059e-33
156.8 1.4972e-33
156.85 1.49381e-33
156.9 1.49043e-33
156.95 1.48706e-33
157 1.4837e-33
157.05 1.48035e-33
157.1 1.477e-33
157.15 1.47366e-33
157.2 1.47032e-33
157.25 1.467e-33
157.3 1.46368e-33
157.35 1.46037e-33
157.4 1.45707e-33
157.45 1.45377e-33
157.5 1.45048e-33
157.55 1.4472e-33
157.6 1.44392e-33
157.65 1.44066e-33
157.7 1.4374e-33
157.75 1.43415e-33
157.8 1.4309e-33
157.85 1.42766e-33
157.9 1.42443e-33
157.95 1.42121e-33
158 1.41799e-33
158.05 1.41478e-33
158.1 1.41158e-33
158.15 1.40838e-33
158.2 1.4052e-33
158.25 1.40202e-33
158.3 1.39884e-33
158.35 1.39567e-33
158.4 1.39251e-33
158.45 1.38936e-33
158.5 1.38622e-33
158.55 1.38308e-33
158.6 1.37995e-33
158.65 1.37682e-33
158.7 1.3737e-33
158.75 1.37059e-33
158.8 1.36749e-33
158.85 1.36439e-33
158.9 1.3613e-33
158.95 1.35822e-33
159 1.35514e-33
159.05 1.35207e-33
159.1 1.34901e-33
159.15 1.34595e-33
159.2 1.3429e-33
159.25 1.33986e-33
159.3 1.33683e-33
159.35 1.3338e-33
159.4 1.33077e-33
159.45 1.32776e-33
159.5 1.32475e-33
159.55 1.32175e-33
159.6 1.31875e-33
159.65 1.31576e-33
159.7 1.31278e-33
159.75 1.30981e-33
159.8 1.30684e-33
159.85 1.30388e-33
159.9 1.30092e-33
159.95 1.29797e-33
160 1.29503e-33
160.05 1.29209e-33
160.1 1.28916e-33
160.15 1.28624e-33
160.2 1.28332e-33
160.25 1.28042e-33
160.3 1.27751e-33
160.35 1.27462e-33
160.4 1.27172e-33
160.45 1.26884e-33
160.5 1.26596e-33
160.55 1.26309e-33
160.6 1.26023e-33
160.65 1.25737e-33
160.7 1.25452e-33
160.75 1.25167e-33
160.8 1.24883e-33
160.85 1.246e-33
160.9 1.24317e-33
160.95 1.24035e-33
161 1.23754e-33
161.05 1.23473e-33
161.1 1.23193e-33
161.15 1.22913e-33
161.2 1.22635e-33
161.25 1.22356e-33
161.3 1.22079e-33
161.35 1.21802e-33
161.4 1.21525e-33
161.45 1.21249e-33
161.5 1.20974e-33
161.55 1.207e-33
161.6 1.20426e-33
161.65 1.20152e-33
161.7 1.1988e-33
161.75 1.19607e-33
161.8 1.19336e-33
161.85 1.19065e-33
161.9 1.18795e-33
161.95 1.18525e-33
162 1.18256e-33
162.05 1.17987e-33
162.1 1.17719e-33
162.15 1.17452e-33
162.2 1.17185e-33
162.25 1.16919e-33
162.3 1.16654e-33
162.35 1.16389e-33
162.4 1.16124e-33
162.45 1.15861e-33
162.5 1.15598e-33
162.55 1.15335e-33
162.6 1.15073e-33
162.65 1.14812e-33
162.7 1.14551e-33
162.75 1.1429e-33
162.8 1.14031e-33
162.85 1.13772e-33
162.9 1.13513e-33
162.95 1.13255e-33
163 1.12998e-33
163.05 1.12741e-33
163.1 1.12485e-33
163.15 1.12229e-33
163.2 1.11974e-33
163.25 1.1172e-33
163.3 1.11466e-33
163.35 1.11213e-33
163.4 1.1096e-33
163.45 1.10708e-33
163.5 1.10456e-33
163.55 1.10205e-33
163.6 1.09954e-33
163.65 1.09704e-33
163.7 1.09455e-33
163.75 1.09206e-33
163.8 1.08958e-33
163.85 1.0871e-33
163.9 1.08463e-33
163.95 1.08216e-33
164 1.0797e-33
164.05 1.07725e-33
164.1 1.0748e-33
164.15 1.07235e-33
164.2 1.06991e-33
164.25 1.06748e-33
164.3 1.06505e-33
164.35 1.06263e-33
164.4 1.06021e-33
164.45 1.0578e-33
164.5 1.05539e-33
164.55 1.05299e-33
164.6 1.0506e-33
164.65 1.04821e-33
164.7 1.04582e-33
164.75 1.04344e-33
164.8 1.04107e-33
164.85 1.0387e-33
164.9 1.03634e-33
164.95 1.03398e-33
165 1.03163e-33
165.05 1.02928e-33
165.1 1.02693e-33
165.15 1.0246e-33
165.2 1.02227e-33
165.25 1.01994e-33
165.3 1.01762e-33
165.35 1.0153e-33
165.4 1.01299e-33
165.45 1.01068e-33
165.5 1.00838e-33
165.55 1.00609e-33
165.6 1.0038e-33
165.65 1.00151e-33
165.7 9.9923e-34
165.75 9.96955e-34
165.8 9.94685e-34
165.85 9.9242e-34
165.9 9.9016e-34
165.95 9.87905e-34
166 9.85655e-34
166.05 9.83411e-34
166.1 9.81171e-34
166.15 9.78936e-34
166.2 9.76706e-34
166.25 9.74481e-34
166.3 9.72262e-34
166.35 9.70047e-34
166.4 9.67837e-34
166.45 9.65632e-34
166.5 9.63432e-34
166.55 9.61237e-34
166.6 9.59047e-34
166.65 9.56862e-34
166.7 9.54682e-34
166.75 9.52506e-34
166.8 9.50336e-34
166.85 9.4817e-34
166.9 9.46009e-34
166.95 9.43853e-34
167 9.41702e-34
167.05 9.39556e-34
167.1 9.37414e-34
167.15 9.35278e-34
167.2 9.33146e-34
167.25 9.31019e-34
167.3 9.28896e-34
167.35 9.26779e-34
167.4 9.24666e-34
167.45 9.22558e-34
167.5 9.20455e-34
167.55 9.18356e-34
167.6 9.16262e-34
167.65 9.14173e-34
167.7 9.12088e-34
167.75 9.10009e-34
167.8 9.07933e-34
167.85 9.05863e-34
167.9 9.03797e-34
167.95 9.01736e-34
168 8.99679e-34
168.05 8.97627e-34
168.1 8.9558e-34
168.15 8.93537e-34
168.2 8.91499e-34
168.25 8.89465e-34
168.3 8.87436e-34
168.35 8.85411e-34
168.4 8.83391e-34
168.45 8.81376e-34
168.5 8.79365e-34
168.55 8.77359e-34
168.6 8.75357e-34
168.65 8.73359e-34
168.7 8.71367e-34
168.75 8.69378e-34
168.8 8.67394e-34
168.85 8.65415e-34
168.9 8.6344e-34
168.95 8.61469e-34
169 8.59503e-34
169.05 8.57541e-34
169.1 8.55584e-34
169.15 8.53631e-34
169.2 8.51682e-34
169.25 8.49738e-34
169.3 8.47798e-34
169.35 8.45863e-34
169.4 8.43931e-34
169.45 8.42005e-34
169.5 8.40082e-34
169.55 8.38164e-34
169.6 8.3625e-34
169.65 8.34341e-34
169.7 8.32436e-34
169.75 8.30535e-34
169.8 8.28638e-34
169.85 8.26746e-34
169.9 8.24857e-34
169.95 8.22973e-34
170 8.21094e-34
170.05 8.19218e-34
170.1 8.17347e-34
170.15 8.1548e-34
170.2 8.13617e-34
170.25 8.11759e-34
170.3 8.09904e-34
170.35 8.08054e-34
170.4 8.06208e-34
170.45 8.04366e-34
170.5 8.02528e-34
170.55 8.00694e-34
170.6 7.98865e-34
170.65 7.97039e-34
170.7 7.95218e-34
170.75 7.93401e-34
170.8 7.91588e-34
170.85 7.89779e-34
170.9 7.87974e-34
170.95 7.86173e-34
171 7.84376e-34
171.05 7.82583e-34
171.1 7.80794e-34
171.15 7.7901e-34
171.2 7.77229e-34
171.25 7.75452e-34
171.3 7.73679e-34
171.35 7.71911e-34
171.4 7.70146e-34
171.45 7.68385e-34
171.5 7.66628e-34
171.55 7.64875e-34
171.6 7.63126e-34
171.65 7.61381e-34
171.7 7.5964e-34
171.75 7.57903e-34
171.8 7.5617e-34
171.85 7.54441e-34
171.9 7.52715e-34
171.95 7.50994e-34
172 7.49276e-34
172.05 7.47562e-34
172.1 7.45852e-34
172.15 7.44146e-34
172.2 7.42444e-34
172.25 7.40746e-34
172.3 7.39051e-34
172.35 7.3736e-34
172.4 7.35673e-34
172.45 7.3399e-34
172.5 7.32311e-34
172.55 7.30635e-34
172.6 7.28964e-34
172.65 7.27296e-34
172.7 7.25631e-34
172.75 7.23971e-34
172.8 7.22314e-34
172.85 7.20661e-34
172.9 7.19012e-34
172.95 7.17366e-34
173 7.15724e-34
173.05 7.14086e-34
173.1 7.12452e-34
173.15 7.10821e-34
173.2 7.09194e-34
173.25 7.0757e-34
173.3 7.05951e-34
173.35 7.04335e-34
173.4 7.02722e-34
173.45 7.01113e-34
173.5 6.99508e-34
173.55 6.97906e-34
173.6 6.96308e-34
173.65 6.94714e-34
173.7 6.93123e-34
173.75 6.91536e-34
173.8 6.89952e-34
173.85 6.88372e-34
173.9 6.86796e-34
173.95 6.85223e-34
174 6.83654e-34
174.05 6.82088e-34
174.1 6.80526e-34
174.15 6.78967e-34
174.2 6.77412e-34
174.25 6.7586e-34
174.3 6.74312e-34
174.35 6.72767e-34
174.4 6.71226e-34
174.45 6.69688e-34
174.5 6.68154e-34
174.55 6.66623e-34
174.6 6.65095e-34
174.65 6.63572e-34
174.7 6.62051e-34
174.75 6.60534e-34
174.8 6.5902e-34
174.85 6.5751e-34
174.9 6.56003e-34
174.95 6.545e-34
175 6.53e-34
175.05 6.51503e-34
175.1 6.5001e-34
175.15 6.4852e-34
175.2 6.47034e-34
175.25 6.45551e-34
175.3 6.44071e-34
175.35 6.42594e-34
175.4 6.41121e-34
175.45 6.39652e-34
175.5 6.38185e-34
175.55 6.36722e-34
175.6 6.35262e-34
175.65 6.33806e-34
175.7 6.32352e-34
175.75 6.30902e-34
175.8 6.29456e-34
175.85 6.28012e-34
175.9 6.26572e-34
175.95 6.25135e-34
176 6.23702e-34
176.05 6.22271e-34
176.1 6.20844e-34
176.15 6.1942e-34
176.2 6.17999e-34
176.25 6.16582e-34
176.3 6.15168e-34
176.35 6.13757e-34
176.4 6.12349e-34
176.45 6.10944e-34
176.5 6.09542e-34
176.55 6.08144e-34
176.6 6.06749e-34
176.65 6.05357e-34
176.7 6.03968e-34
176.75 6.02582e-34
176.8 6.01199e-34
176.85 5.9982e-34
176.9 5.98443e-34
176.95 5.9707e-34
177 5.957e-34
177.05 5.94333e-34
177.1 5.92969e-34
177.15 5.91608e-34
177.2 5.9025e-34
177.25 5.88895e-34
177.3 5.87544e-34
177.35 5.86195e-34
177.4 5.8485e-34
177.45 5.83507e-34
177.5 5.82168e-34
177.55 5.80831e-34
177.6 5.79498e-34
177.65 5.78167e-34
177.7 5.7684e-34
177.75 5.75515e-34
177.8 5.74194e-34
177.85 5.72876e-34
177.9 5.7156e-34
177.95 5.70248e-34
178 5.68938e-34
178.05 5.67632e-34
178.1 5.66328e-34
178.15 5.65028e-34
178.2 5.6373e-34
178.25 5.62435e-34
178.3 5.61144e-34
178.35 5.59855e-34
178.4 5.58569e-34
178.45 5.57286e-34
178.5 5.56006e-34
178.55 5.54728e-34
178.6 5.53454e-34
178.65 5.52183e-34
178.7 5.50914e-34
178.75 5.49649e-34
178.8 5.48386e-34
178.85 5.47126e-34
178.9 5.45869e-34
178.95 5.44614e-34
179 5.43363e-34
179.05 5.42114e-34
179.1 5.40869e-34
179.15 5.39626e-34
179.2 5.38386e-34
179.25 5.37148e-34
179.3 5.35914e-34
179.35 5.34682e-34
179.4 5.33453e-34
179.45 5.32227e-34
179.5 5.31004e-34
179.55 5.29783e-34
179.6 5.28566e-34
179.65 5.27351e-34
179.7 5.26138e-34
179.75 5.24929e-34
179.8 5.23722e-34
179.85 5.22518e-34
179.9 5.21317e-34
179.95 5.20118e-34
180 5.18922e-34
180.05 5.17729e-34
180.1 5.16539e-34
180.15 5.15351e-34
180.2 5.14166e-34
180.25 5.12983e-34
180.3 5.11804e-34
180.35 5.10627e-34
180.4 5.09452e-34
180.45 5.08281e-34
180.5 5.07112e-34
180.55 5.05945e-34
180.6 5.04782e-34
180.65 5.03621e-34
180.7 5.02462e-34
180.75 5.01306e-34
180.8 5.00153e-34
180.85 4.99003e-34
180.9 4.97855e-34
180.95 4.96709e-34
181 4.95566e-34
181.05 4.94426e-34
181.1 4.93289e-34
181.15 4.92154e-34
181.2 4.91021e-34
181.25 4.89891e-34
181.3 4.88764e-34
181.35 4.87639e-34
181.4 4.86517e-34
181.45 4.85398e-34
181.5 4.84281e-34
181.55 4.83166e-34
181.6 4.82054e-34
181.65 4.80945e-34
181.7 4.79838e-34
181.75 4.78733e-34
181.8 4.77631e-34
181.85 4.76532e-34
181.9 4.75435e-34
181.95 4.7434e-34
182 4.73248e-34
182.05 4.72159e-34
182.1 4.71072e-34
182.15 4.69987e-34
182.2 4.68905e-34
182.25 4.67826e-34
182.3 4.66748e-34
182.35 4.65674e-34
182.4 4.64601e-34
182.45 4.63532e-34
182.5 4.62464e-34
182.55 4.61399e-34
182.6 4.60337e-34
182.65 4.59277e-34
182.7 4.58219e-34
182.75 4.57163e-34
182.8 4.56111e-34
182.85 4.5506e-34
182.9 4.54012e-34
182.95 4.52966e-34
183 4.51923e-34
183.05 4.50882e-34
183.1 4.49843e-34
183.15 4.48807e-34
183.2 4.47773e-34
183.25 4.46741e-34
183.3 4.45712e-34
183.35 4.44685e-34
183.4 4.4366e-34
183.45 4.42638e-34
183.5 4.41618e-34
183.55 4.40601e-34
183.6 4.39585e-34
183.65 4.38572e-34
183.7 4.37562e-34
183.75 4.36553e-34
183.8 4.35547e-34
183.85 4.34544e-34
183.9 4.33542e-34
183.95 4.32543e-34
184 4.31546e-34
184.05 4.30551e-34
184.1 4.29559e-34
184.15 4.28569e-34
184.2 4.27581e-34
184.25 4.26595e-34
184.3 4.25612e-34
184.35 4.2463e-34
184.4 4.23651e-34
184.45 4.22675e-34
184.5 4.217e-34
184.55 4.20728e-34
184.6 4.19758e-34
184.65 4.1879e-34
184.7 4.17824e-34
184.75 4.16861e-34
184.8 4.159e-34
184.85 4.14941e-34
184.9 4.13984e-34
184.95 4.13029e-34
185 4.12076e-34
185.05 4.11126e-34
185.1 4.10178e-34
185.15 4.09232e-34
185.2 4.08288e-34
185.25 4.07346e-34
185.3 4.06407e-34
185.35 4.05469e-34
185.4 4.04534e-34
185.45 4.03601e-34
185.5 4.02669e-34
185.55 4.0174e-34
185.6 4.00814e-34
185.65 3.99889e-34
185.7 3.98966e-34
185.75 3.98046e-34
185.8 3.97127e-34
185.85 3.96211e-34
185.9 3.95297e-34
185.95 3.94385e-34
186 3.93475e-34
186.05 3.92567e-34
186.1 3.91661e-34
186.15 3.90757e-34
186.2 3.89855e-34
186.25 3.88955e-34
186.3 3.88057e-34
186.35 3.87162e-34
186.4 3.86268e-34
186.45 3.85377e-34
186.5 3.84487e-34
186.55 3.836e-34
186.6 3.82714e-34
186.65 3.81831e-34
186.7 3.80949e-34
186.75 3.8007e-34
186.8 3.79192e-34
186.85 3.78317e-34
186.9 3.77443e-34
186.95 3.76572e-34
187 3.75702e-34
187.05 3.74835e-34
187.1 3.73969e-34
187.15 3.73106e-34
187.2 3.72244e-34
187.25 3.71385e-34
187.3 3.70527e-34
187.35 3.69671e-34
187.4 3.68817e-34
187.45 3.67966e-34
187.5 3.67116e-34
187.55 3.66268e-34
187.6 3.65422e-34
187.65 3.64578e-34
187.7 3.63736e-34
187.75 3.62895e-34
187.8 3.62057e-34
187.85 3.61221e-34
187.9 3.60386e-34
187.95 3.59554e-34
188 3.58723e-34
188.05 3.57894e-34
188.1 3.57067e-34
188.15 3.56242e-34
188.2 3.55419e-34
188.25 3.54598e-34
188.3 3.53779e-34
188.35 3.52961e-34
188.4 3.52146e-34
188.45 3.51332e-34
188.5 3.5052e-34
188.55 3.4971e-34
188.6 3.48902e-34
188.65 3.48095e-34
188.7 3.47291e-34
188.75 3.46488e-34
188.8 3.45687e-34
188.85 3.44888e-34
188.9 3.44091e-34
188.95 3.43296e-34
189 3.42502e-34
189.05 3.4171e-34
189.1 3.4092e-34
189.15 3.40132e-34
189.2 3.39346e-34
189.25 3.38561e-34
189.3 3.37779e-34
189.35 3.36998e-34
189.4 3.36219e-34
189.45 3.35441e-34
189.5 3.34666e-34
189.55 3.33892e-34
189.6 3.3312e-34
189.65 3.32349e-34
189.7 3.31581e-34
189.75 3.30814e-34
189.8 3.30049e-34
189.85 3.29286e-34
189.9 3.28524e-34
189.95 3.27764e-34
190 3.27006e-34
190.05 3.2625e-34
190.1 3.25495e-34
190.15 3.24742e-34
190.2 3.23991e-34
190.25 3.23242e-34
190.3 3.22494e-34
190.35 3.21748e-34
190.4 3.21004e-34
190.45 3.20261e-34
190.5 3.1952e-34
190.55 3.18781e-34
190.6 3.18043e-34
190.65 3.17307e-34
190.7 3.16573e-34
190.75 3.15841e-34
190.8 3.1511e-34
190.85 3.14381e-34
190.9 3.13653e-34
190.95 3.12927e-34
191 3.12203e-34
191.05 3.11481e-34
191.1 3.1076e-34
191.15 3.10041e-34
191.2 3.09323e-34
191.25 3.08607e-34
191.3 3.07893e-34
191.35 3.0718e-34
191.4 3.06469e-34
191.45 3.0576e-34
191.5 3.05052e-34
191.55 3.04346e-34
191.6 3.03641e-34
191.65 3.02938e-34
191.7 3.02237e-34
191.75 3.01537e-34
191.8 3.00839e-34
191.85 3.00143e-34
191.9 2.99448e-34
191.95 2.98754e-34
192 2.98062e-34
192.05 2.97372e-34
192.1 2.96684e-34
192.15 2.95997e-34
192.2 2.95311e-34
192.25 2.94627e-34
192.3 2.93945e-34
192.35 2.93264e-34
192.4 2.92585e-34
192.45 2.91908e-34
192.5 2.91231e-34
192.55 2.90557e-34
192.6 2.89884e-34
192.65 2.89212e-34
192.7 2.88543e-34
192.75 2.87874e-34
192.8 2.87207e-34
192.85 2.86542e-34
192.9 2.85878e-34
192.95 2.85216e-34
193 2.84555e-34
193.05 2.83896e-34
193.1 2.83238e-34
193.15 2.82582e-34
193.2 2.81927e-34
193.25 2.81274e-34
193.3 2.80622e-34
193.35 2.79972e-34
193.4 2.79323e-34
193.45 2.78676e-34
193.5 2.7803e-34
193.55 2.77386e-34
193.6 2.76743e-34
193.65 2.76102e-34
193.7 2.75462e-34
193.75 2.74823e-34
193.8 2.74186e-34
193.85 2.73551e-34
193.9 2.72917e-34
193.95 2.72284e-34
194 2.71653e-34
194.05 2.71023e-34
194.1 2.70395e-34
194.15 2.69768e-34
194.2 2.69143e-34
194.25 2.68519e-34
194.3 2.67896e-34
194.35 2.67275e-34
194.4 2.66656e-34
194.45 2.66037e-34
194.5 2.65421e-34
194.55 2.64805e-34
194.6 2.64191e-34
194.65 2.63579e-34
194.7 2.62967e-34
194.75 2.62358e-34
194.8 2.61749e-34
194.85 2.61142e-34
194.9 2.60536e-34
194.95 2.59932e-34
195 2.59329e-34
195.05 2.58728e-34
195.1 2.58128e-34
195.15 2.57529e-34
195.2 2.56932e-34
195.25 2.56336e-34
195.3 2.55741e-34
195.35 2.55148e-34
195.4 2.54556e-34
195.45 2.53966e-34
195.5 2.53377e-34
195.55 2.52789e-34
195.6 2.52202e-34
195.65 2.51617e-34
195.7 2.51033e-34
195.75 2.50451e-34
195.8 2.4987e-34
195.85 2.4929e-34
195.9 2.48712e-34
195.95 2.48135e-34
196 2.47559e-34
196.05 2.46984e-34
196.1 2.46411e-34
196.15 2.45839e-34
196.2 2.45269e-34
196.25 2.447e-34
196.3 2.44132e-34
196.35 2.43565e-34
196.4 2.43e-34
196.45 2.42436e-34
196.5 2.41873e-34
196.55 2.41312e-34
196.6 2.40752e-34
196.65 2.40193e-34
196.7 2.39635e-34
196.75 2.39079e-34
196.8 2.38524e-34
196.85 2.3797e-34
196.9 2.37418e-34
196.95 2.36867e-34
197 2.36317e-34
197.05 2.35768e-34
197.1 2.35221e-34
197.15 2.34674e-34
197.2 2.3413e-34
197.25 2.33586e-34
197.3 2.33044e-34
197.35 2.32502e-34
197.4 2.31962e-34
197.45 2.31424e-34
197.5 2.30886e-34
197.55 2.3035e-34
197.6 2.29815e-34
197.65 2.29281e-34
197.7 2.28749e-34
197.75 2.28218e-34
197.8 2.27688e-34
197.85 2.27159e-34
197.9 2.26631e-34
197.95 2.26105e-34
198 2.2558e-34
198.05 2.25056e-34
198.1 2.24533e-34
198.15 2.24011e-34
198.2 2.23491e-34
198.25 2.22972e-34
198.3 2.22454e-34
198.35 2.21937e-34
198.4 2.21421e-34
198.45 2.20907e-34
198.5 2.20393e-34
198.55 2.19881e-34
198.6 2.1937e-34
198.65 2.18861e-34
198.7 2.18352e-34
198.75 2.17845e-34
198.8 2.17338e-34
198.85 2.16833e-34
198.9 2.16329e-34
198.95 2.15827e-34
199 2.15325e-34
199.05 2.14825e-34
199.1 2.14325e-34
199.15 2.13827e-34
199.2 2.1333e-34
199.25 2.12834e-34
199.3 2.1234e-34
199.35 2.11846e-34
199.4 2.11354e-34
199.45 2.10862e-34
199.5 2.10372e-34
199.55 2.09883e-34
199.6 2.09395e-34
199.65 2.08908e-34
199.7 2.08423e-34
199.75 2.07938e-34
199.8 2.07455e-34
199.85 2.06972e-34
199.9 2.06491e-34
199.95 2.06011e-34
